1.772601986877755387e-01
5.726947684210994538e-01
1.000000000000000000e+00
1.000000000000000000e+00
1.000000000000000000e+00
1.704596384525797204e-01
-1.004869591462391465e-01
3.558460613779308446e-01
5.110013792716208009e-02
2.927482438497825967e-01
1.000000000000000000e+00
1.000000000000000000e+00
1.000000000000000000e+00
8.567683684732982918e-01
-1.272653944319495078e-01
2.301124415644781873e-01
6.828297131536980036e-01
-1.000000000000000000e+00
6.339507028110553666e-01
-7.584687369190066253e-01
-2.543803102756228007e-01
-7.274615849032536330e-01
9.076248124604140433e-01
-7.208158728133350346e-01
1.000000000000000000e+00
-7.030958731185388277e-02
2.048934706377023574e-01
7.601896093063809090e-01
-1.861796976185353669e-01
-2.334158577687741598e-01
2.849882550577591545e-01
5.172685613244125680e-01
-9.774359645939252328e-01
-8.275444302940074826e-01
-1.456933169908394277e-01
1.000000000000000000e+00
1.000000000000000000e+00
-1.359197305906236775e-01
-7.246798346261410506e-01
7.027332095009777291e-01
5.526678668455475840e-02
7.732304688398083936e-01
-6.046191002995946473e-01
-4.117022152115472622e-01
-9.355548346248316882e-01
1.000000000000000000e+00
9.516406213302430750e-02
-2.390726362803100302e-01
-2.557758250714652348e-01
-9.386488110807933438e-01
-8.212607412749151070e-01
1.000000000000000000e+00
6.708078041792209234e-02
-1.300039224526925719e-01
-2.944218335738879588e-03
-2.968822824363641644e-01
-4.430769591744905811e-01
1.000000000000000000e+00
2.075810344913330552e-01
-2.645065187446624111e-01
-2.724583438808363400e-01
-4.362957753954255224e-02
-5.797444032703981120e-01
5.763890441040946389e-01
1.526057859499203584e-01
1.000000000000000000e+00
-5.532263953826341840e-01
-1.713372457572024943e-01
-3.452292687732519960e-01
-3.255826982698337702e-01
-1.674650075199118904e-01
5.634258704076882118e-01
4.745340968526974290e-01
3.862411808082625297e-01
2.119775406102415993e-01
1.000000000000000000e+00
-1.000000000000000000e+00
-1.000000000000000000e+00
9.185992664079956072e-01
-4.678408637824876815e-01
-1.000000000000000000e+00
-6.543764242492953187e-01
-1.000000000000000000e+00
-4.496273054197883479e-01
1.000000000000000000e+00
8.957396727941973058e-01
-7.609168790348075362e-02
6.866448490612281352e-02
-1.000000000000000000e+00
-1.000000000000000000e+00
5.634384304527746412e-01
1.000000000000000000e+00
-3.695980228110837817e-01
-4.856859120711627398e-01
8.129887731263303330e-01
-8.563389667045038234e-01
-8.421033495709944194e-01
-1.045418816500837400e-01
-4.910817903257165273e-01
-5.397345695629489626e-01
7.890256378432374262e-01
-2.827633814495053577e-01
-1.000000000000000000e+00
-8.208574992802726289e-01
1.000000000000000000e+00
5.944050404104967988e-01
4.339575584698351363e-01
-6.758186327997748322e-01
7.712993514446778720e-01
1.239931792873634198e-01
1.000000000000000000e+00
-1.000000000000000000e+00
3.813865992015224027e-01
1.000000000000000000e+00
4.197041351353061889e-01
9.427500152563121905e-01
3.392697756102563966e-01
-2.347310373519943261e-01
7.309514793277041012e-01
3.819863960221727694e-01
1.469113713915100039e-01
-8.256297214208370150e-01
-3.569119604576376226e-01
-5.053158330052964775e-01
-5.154165123248910518e-01
1.000000000000000000e+00
-5.145623520237679882e-01
-4.267192350994595262e-01
-9.810506190094879786e-01
4.516068502826520170e-01
7.129136571911061093e-01
2.384613189135853517e-02
1.000000000000000000e+00
-1.000000000000000000e+00
6.442792921733004885e-01
2.962307817887512851e-01
-3.439495726219821137e-03
-4.864994854014543790e-01
-1.000000000000000000e+00
5.897769732595598002e-01
-1.000000000000000000e+00
6.449217262249578031e-01
-3.303026046126744664e-01
-5.446201184943428864e-01
-3.071004602061844224e-01
-1.000000000000000000e+00
4.393407021560928882e-01
-1.949362591199564898e-01
2.257324768226642853e-01
-7.626479415423692565e-02
3.333744254818969410e-01
-1.977194593876030471e-01
6.842220047527484139e-01
1.520869423686678212e-01
1.801005395317669677e-01
1.000000000000000000e+00
-5.309580672266158707e-01
-9.350909908386679792e-01
1.000000000000000000e+00
1.794725234404203063e-01
-1.000000000000000000e+00
-7.030989196929691154e-01
-1.000000000000000000e+00
7.864461837808638389e-01
-5.582795000300944110e-01
4.942633766976445298e-01
-1.206365151367610189e-01
5.822167843151420108e-01
4.970390700141584794e-01
-3.314387742364677258e-01
-1.000000000000000000e+00
-3.574237524905670149e-01
-8.895609017776869853e-01
-5.489578606993350540e-02
1.307043089001186376e-01
-3.750416505253729160e-01
1.000000000000000000e+00
-8.089673652095753509e-01
1.000000000000000000e+00
2.309111840477579003e-02
-9.514228614321158517e-01
-7.162059310678565716e-01
3.955063969291083836e-02
-9.040745010952891958e-01
2.446913710174623002e-01
7.576474845655190027e-02
8.913793387559192372e-01
1.000000000000000000e+00
-1.000000000000000000e+00
8.100629962314953580e-01
-7.390438836366231001e-02
5.098015209540831538e-01
1.000000000000000000e+00
-1.000000000000000000e+00
1.000000000000000000e+00
1.000000000000000000e+00
-5.098915345864620807e-01
-9.583257604154817866e-01
-2.535052062282039387e-01
8.243025609030121270e-01
-2.063191128336059332e-01
-6.952809347980778432e-01
1.000000000000000000e+00
-2.169188171914206986e-01
4.925497033412828962e-03
2.625672956974908212e-01
3.816478370477151272e-02
1.000000000000000000e+00
-1.000000000000000000e+00
6.246700517420000764e-02
9.243897617259433375e-01
-9.942176596716256753e-01
-2.034552782244378744e-01
2.182846483483124600e-01
-4.725292785082497726e-01
-5.904520698435951065e-01
7.529169774878319288e-01
6.895132011091984481e-01
-5.398689890058369079e-01
1.112913690404317424e-01
-2.438104126752910217e-01
-6.609746422170954538e-01
-1.000000000000000000e+00
-4.334309781870619993e-01
-3.238069879167992937e-01
1.000000000000000000e+00
1.000000000000000000e+00
-1.000000000000000000e+00
-1.000000000000000000e+00
2.239673824823326109e-01
6.744106489268585081e-02
1.000000000000000000e+00
2.363042266120563006e-02
1.000000000000000000e+00
-7.573487858400043127e-01
-5.892211108540208464e-01
-3.326384728853466477e-01
2.986401529020929480e-01
-4.047487657142829209e-01
-3.646196648116561967e-01
1.476130305935561271e-01
-2.579078654129633996e-01
-3.504785338575669429e-02
-1.000000000000000000e+00
4.059283825970790849e-01
3.940270684560993053e-01
-3.307384407466310572e-01
8.443171565107050469e-01
2.011896918865494210e-01
-8.361170230823645744e-01
-3.851463581939729153e-02
-7.713002645654758460e-01
3.405775791678460340e-01
-4.731583720456336017e-01
-8.649944942608013276e-01
-5.015691945406905994e-01
5.863520180493614342e-01
-5.154735975022561867e-02
-3.500282859005565683e-02
3.797692388217903670e-01
6.643359646745222724e-01
-6.360796599893797643e-01
-8.513316149558499690e-01
1.000000000000000000e+00
6.568403006164591496e-02
9.625800260967649624e-01
-7.180375863526684554e-01
-9.687066826214303372e-01
1.000000000000000000e+00
5.266339631957662748e-01
-1.540848267804832972e-01
3.215404749724882771e-01
4.651059808719426591e-02
6.825138562930725961e-01
7.775019131545235496e-02
1.000000000000000000e+00
-7.601733294318759881e-01
-1.000000000000000000e+00
4.582585685944468024e-02
-1.952056661663545134e-01
1.000000000000000000e+00
1.000000000000000000e+00
-2.373999564382388017e-01
1.000000000000000000e+00
-8.454743388974248486e-01
-2.358907463336090693e-01
3.050996757327178455e-01
1.000000000000000000e+00
7.080556506456012755e-01
-9.641723296893789374e-01
5.554879585739407322e-01
2.191837968375609513e-02
-6.483675215654585156e-01
-6.797676392997074046e-01
3.697572299371201243e-01
-9.551911040217251347e-01
-9.578715822323387030e-01
-1.362393275908944101e-01
-1.000000000000000000e+00
-8.686708898174666516e-01
-6.773518868018646444e-01
4.372806435286340498e-01
-7.250534270824573468e-01
-1.000000000000000000e+00
1.000000000000000000e+00
-4.611180916801442820e-01
-6.896648231151546460e-01
1.896275438809807423e-01
-5.964277273964684323e-01
-7.161900946419608172e-01
-1.000000000000000000e+00
1.000000000000000000e+00
-8.448632469792343169e-01
-1.248816117561768468e-01
7.563354974873375269e-01
5.020256329823742369e-01
5.313312944126569182e-03
-3.773481780343883596e-01
-8.040776204857865705e-01
8.091183415064002737e-01
2.493387877459694313e-01
3.267337046915097520e-01
1.000000000000000000e+00
-2.891908752662921689e-01
8.593669127847223255e-01
-6.732422914147135895e-01
1.000000000000000000e+00
-5.630391937947849534e-01
1.000000000000000000e+00
-5.426517018786201074e-01
-1.000000000000000000e+00
9.420062226896136481e-01
1.000000000000000000e+00
-3.975765769234629321e-02
3.058815756657062845e-01
5.582521761571848096e-01
-7.716135353765343208e-01
7.275059507578371942e-01
1.000000000000000000e+00
-7.377496241083041362e-01
1.000000000000000000e+00
-3.086667128027815732e-01
6.915176654352883645e-02
2.128192500231577133e-01
1.040543399481905773e-01
4.433644895157862198e-01
-2.240366187906224771e-01
-2.000289413262461569e-01
4.077873918737802139e-01
8.597022895109138751e-01
-7.824170946277586580e-01
-2.016966182059953816e-01
-1.000000000000000000e+00
2.724071778008618772e-01
-4.815954478078188217e-01
7.559112119484432402e-01
-7.875163540194307643e-01
-8.359838689045908655e-01
-1.000000000000000000e+00
1.000000000000000000e+00
-9.557832240234391818e-01
-3.886372319128674757e-01
1.000000000000000000e+00
1.890080675071955651e-01
7.444561425527407295e-03
7.931180828310113728e-01
6.506377230019708691e-01
-3.029189420613210282e-01
-6.653583176390855947e-01
3.047345106994743813e-01
1.000000000000000000e+00
-1.748732451762832762e-01
-7.910530689824608608e-01
-5.210726406255232757e-01
1.000000000000000000e+00
1.000000000000000000e+00
1.000000000000000000e+00
7.651803030429132901e-02
-2.949578578173814858e-01
3.035385235201282228e-02
8.342456434670748600e-01
6.002280856933156494e-01
1.000000000000000000e+00
-5.332629659468953731e-01
2.144529151839472125e-02
-7.141883645481481580e-01
-5.548487520017379993e-01
-3.494306852788175988e-03
5.528980494680926228e-01
5.384409936885770076e-01
7.755392824630753523e-01
6.965601505566917928e-02
-2.457860487018237450e-01
-1.000000000000000000e+00
-7.608926838369134416e-02
-4.819322523039493156e-01
-4.174854877875816550e-01
8.480309084330350800e-01
-1.000000000000000000e+00
1.515425393703356272e-01
5.473267490980888716e-01
4.195179620939228915e-01
-7.072826436119239446e-02
-1.000000000000000000e+00
3.818113210513705003e-01
9.110576292317309477e-01
1.000000000000000000e+00
-3.084497587443307265e-01
-4.514651274818068938e-01
-4.344671096139977040e-01
1.196641731986771706e-01
-7.717958093780801221e-01
1.000000000000000000e+00
-8.761443122528453920e-01
1.000000000000000000e+00
-7.818122922504391337e-01
-4.258463981234859030e-01
5.564021958283222880e-01
1.000000000000000000e+00
2.860437238421664752e-01
-1.000000000000000000e+00
2.381072773522699415e-01
-5.466953915467720471e-02
6.117213774602190401e-01
-6.428078455914454370e-01
-1.000000000000000000e+00
7.101681549923197778e-01
9.106307173958525514e-01
4.995233473772147104e-01
-1.000000000000000000e+00
-1.000000000000000000e+00
7.270607900388181832e-02
8.365019056994045243e-01
-1.000000000000000000e+00
1.000000000000000000e+00
1.000000000000000000e+00
-3.806112684465040585e-01
9.278437025148630335e-01
-4.069486722157122927e-02
5.560063202116833914e-01
-3.585014934587644753e-01
-1.000000000000000000e+00
-8.843582865230501522e-01
1.000000000000000000e+00
-1.004903865731321955e-01
-1.694490828614020339e-01
-8.711626837062353967e-01
-1.380987274957922173e-01
-8.596356666583671036e-02
1.380033960775607915e-01
-2.934088693993913144e-01
-7.212171772888358312e-01
2.241113584131544378e-01
-1.000000000000000000e+00
-5.760121498081580693e-01
-9.866700266536285735e-01
1.000000000000000000e+00
4.115474161616175519e-02
-1.000000000000000000e+00
-8.622552138762190621e-01
-8.044879401255329299e-01
9.777922781998263924e-01
2.929368901841161721e-01
-1.000000000000000000e+00
-1.000000000000000000e+00
5.475442773865262236e-01
1.691795211421633915e-01
6.304482718022399457e-01
-6.071395017540690553e-01
-7.816280560540079803e-01
1.000000000000000000e+00
-4.627061222710769917e-01
5.483737153848717849e-01
3.534526527454235900e-01
1.000000000000000000e+00
-8.330481953658090966e-01
1.433029287218307579e-01
2.105905972923751701e-01
5.430352990694577997e-01
-1.000000000000000000e+00
2.686564125528488889e-01
9.043245911575987783e-01
-6.380944993704043555e-02
-5.713707104974632411e-01
6.994910281351596204e-01
1.000000000000000000e+00
6.581207219906207162e-02
-8.018472140062586906e-01
4.197912379485602141e-01
-7.668650870892412819e-02
3.077033009433074451e-01
9.772965279882104284e-01
4.483710231798760937e-01
7.995213078869360945e-01
4.712329121273469701e-01
-8.180352737248014483e-01
1.000000000000000000e+00
-1.000000000000000000e+00
1.000000000000000000e+00
-6.056277372013080251e-01
-3.717483372754859516e-02
9.134965005574823271e-01
-1.000000000000000000e+00
4.143654908436273931e-01
-1.000000000000000000e+00
1.138533003718055214e-01
-5.235697016866224240e-01
-9.691469922314870367e-01
-4.434165372621812207e-01
5.865211244899561915e-01
-6.646441297692176065e-01
-1.000000000000000000e+00
1.000000000000000000e+00
5.495834210500261108e-03
-9.838838627907731116e-02
-7.671519518956386730e-01
3.314928779797737812e-01
-2.812424528405779167e-01
-3.057763207709487396e-01
-6.966709027345596716e-01
9.559273310986866612e-01
6.980267318318941205e-01
-8.752593710348330336e-02
-4.746338210146233139e-01
1.000000000000000000e+00
2.823547896878020325e-01
1.000000000000000000e+00
1.000000000000000000e+00
-6.991630016467025310e-01
1.000000000000000000e+00
-2.299822550235139929e-01
1.484027993427947112e-01
-1.000000000000000000e+00
-8.501847623472849058e-01
-8.466791966370413869e-01
-9.427274548472699411e-01
4.785917123820822017e-01
-1.000000000000000000e+00
-1.141624051302132514e-01
6.925404298557686911e-01
-4.009461841562568241e-01
-1.000000000000000000e+00
-3.887415954428619091e-01
1.000000000000000000e+00
1.000000000000000000e+00
-6.765714774362363571e-02
3.574374671376190360e-01
7.608261981194808232e-01
-1.000000000000000000e+00
-5.521484926991284681e-01
7.952069891003396007e-01
2.993586053394889923e-01
-4.249141196721220037e-01
6.687075032509079420e-02
3.101861648697911145e-01
3.123150425787244444e-01
8.155077342736956059e-01
1.000000000000000000e+00
1.543404868471648372e-01
1.791061832860076919e-01
1.000000000000000000e+00
1.000000000000000000e+00
5.839805978373389106e-01
-2.513188109925299507e-01
3.131231109027345916e-01
3.767705343018185049e-01
-3.439027682013027221e-01
-6.908876372090426710e-01
1.000000000000000000e+00
7.168335088767023855e-01
-3.834660048727248638e-01
-3.414768235227847448e-01
7.810598902991917614e-01
-9.511995025864388165e-01
7.083437342321569075e-01
-1.000000000000000000e+00
1.000000000000000000e+00
7.445643691022363342e-02
-3.829047850546780651e-01
-1.000000000000000000e+00
5.720094235204170596e-01
-3.597697592989506088e-01
-1.000000000000000000e+00
1.048859229854861574e-01
-2.281994204553462469e-01
1.000000000000000000e+00
-6.323410014715726835e-01
-1.000000000000000000e+00
-1.000000000000000000e+00
-1.000000000000000000e+00
-1.000000000000000000e+00
-5.347696253549401035e-01
1.000000000000000000e+00
-1.000000000000000000e+00
3.862559230667206300e-02
6.220280576140575501e-01
4.059792595992897102e-01
-1.000000000000000000e+00
1.000000000000000000e+00
4.287485165281557098e-02
-3.297953159406732393e-01
5.919827446911267721e-01
1.000000000000000000e+00
-8.676218702899780588e-01
-1.409862340714016504e-01
-7.100937751369451600e-01
2.658986047259452867e-01
3.331590542886951889e-01
7.888718540768133725e-01
-9.611206768004934009e-01
4.298986886982618660e-01
-9.512426759030094825e-01
-1.000000000000000000e+00
-9.182635346823134759e-01
-3.954473672263953965e-01
-1.000000000000000000e+00
-2.170423158124992202e-01
8.920550667736781847e-03
-6.282911305942047164e-01
1.000000000000000000e+00
8.813328794624042395e-01
-4.252741683943432882e-01
-3.276080693775623165e-01
3.767135701954869020e-01
4.127123439635465019e-01
9.034781926922970108e-01
1.000000000000000000e+00
4.015170362913165203e-01
8.412145780477949808e-01
4.171915234646408344e-01
-7.745989328306605026e-01
5.500745374848232672e-01
-6.512628966525796370e-02
2.247953147390348017e-01
-1.000000000000000000e+00
-1.000000000000000000e+00
-4.498157054449012371e-01
-1.000000000000000000e+00
-3.464028434858161254e-01
6.508959137372314352e-01
-7.397905914602773692e-01
-3.016267824187387481e-01
-1.000000000000000000e+00
7.386269910699087005e-01
-1.000000000000000000e+00
-8.440409304149496528e-01
2.682294612973396553e-01
-3.276258847978590349e-01
-6.798777940439451051e-01
-4.146880347687489365e-01
1.000000000000000000e+00
3.740611604589880734e-01
1.000000000000000000e+00
-5.698605518163968320e-02
4.840229594577198369e-01
-7.478350389490007188e-01
-7.900546093035228923e-01
5.636512578499093262e-01
-1.000000000000000000e+00
1.000000000000000000e+00
-1.504365415929238559e-01
4.136524088742377092e-01
-5.998436529124032690e-01
-1.000000000000000000e+00
1.536794842078056944e-01
-6.128966474147203858e-01
1.000000000000000000e+00
1.000000000000000000e+00
-6.831084958000943619e-01
-1.905124462502901794e-01
3.994037148783300406e-01
5.765170289555970884e-01
-2.141562255938604942e-01
2.098364251307553996e-01
-1.000000000000000000e+00
9.274443795239539767e-02
-9.773548511496359392e-01
-2.921315884466648138e-01
-6.893049964999555801e-01
-7.544730540843805899e-01
-3.119055838280931914e-01
6.507483130727775844e-01
9.248880144718956142e-01
-8.075255963330718600e-02
1.000000000000000000e+00
-6.904237324548179178e-01
8.182300113244070916e-01
-1.000000000000000000e+00
-2.664969746825496255e-01
1.000000000000000000e+00
-1.050027355979242863e-02
-2.244232666800072273e-01
7.803076001258602012e-02
-5.141485676090072898e-01
-4.878370120888004813e-01
1.000000000000000000e+00
-5.272244944737883854e-01
1.000000000000000000e+00
-8.036534084892337226e-01
-5.832422428973373929e-01
8.681757011000070801e-01
-1.000000000000000000e+00
2.477858047189827051e-01
1.000000000000000000e+00
4.540819736734702516e-01
1.000000000000000000e+00
-5.492516936177964659e-01
7.126531356142122853e-01
-4.288452896444019391e-01
-9.537141342467315985e-02
6.976608616724558898e-01
6.273121451145775573e-01
1.000000000000000000e+00
1.000000000000000000e+00
1.269815145056669703e-01
-1.000000000000000000e+00
-6.049328915851164279e-01
-4.272236694952505354e-01
-1.000000000000000000e+00
1.000000000000000000e+00
8.282485846064211454e-01
-3.817435216379481133e-01
-6.656449830334021378e-01
7.890165651806497760e-01
2.048247466018556784e-01
1.000000000000000000e+00
-6.966245561531789754e-01
-5.429410286410911723e-01
1.000000000000000000e+00
-3.137191375516872327e-01
1.000000000000000000e+00
-6.830006924753062592e-01
1.000000000000000000e+00
-3.161920272020332656e-01
-1.000000000000000000e+00
-1.000000000000000000e+00
6.616591859878246940e-01
-1.000000000000000000e+00
4.375395330000853011e-01
-4.116298624845706744e-01
-2.842145005653866630e-01
5.321712536666454163e-01
7.604877628891422159e-01
-1.937398522143483071e-01
-3.607128874766629689e-02
1.000000000000000000e+00
8.966022039121104292e-01
-1.840996129137231208e-01
-7.132892413404274823e-01
-1.000000000000000000e+00
-1.000000000000000000e+00
1.000000000000000000e+00
-5.174810007726473593e-01
-5.233257866162140948e-01
1.482435609465208026e-01
-9.364890639813634454e-01
-3.099611910909181867e-01
-1.000000000000000000e+00
-1.000000000000000000e+00
1.000000000000000000e+00
-1.013335716805039421e-01
1.983486492775001497e-01
-8.028399170815192498e-01
2.420123619911422330e-01
2.684148635273266859e-01
-1.000000000000000000e+00
4.577036848632388688e-01
-2.149191174156162010e-02
1.000000000000000000e+00
-4.801180048908038067e-02
8.218401770664245376e-01
-7.497460344529891518e-01
1.072024833348504957e-01
-3.750805575205653497e-01
-4.587088786887441039e-01
5.665698617248731139e-01
9.911294911261256946e-01
2.191223906724214798e-01
1.000000000000000000e+00
-1.000000000000000000e+00
2.171841821515731463e-01
1.000000000000000000e+00
-8.750301530599724487e-02
-2.667070352772471509e-01
9.006966227935420122e-01
8.529951098587833513e-01
-1.536238969679202260e-01
1.000000000000000000e+00
-3.994549476188913317e-01
6.041426202863566797e-01
-8.564128091506977292e-01
7.647020301337257298e-01
-6.708631421785565818e-02
-3.843643247155265064e-01
5.805086018973701911e-01
1.000000000000000000e+00
-2.330911258345367276e-01
5.133251796866934447e-01
-1.000000000000000000e+00
-8.191830118209475486e-01
6.216060986942917310e-01
-1.000000000000000000e+00
1.000000000000000000e+00
-5.848940878775594765e-01
1.000000000000000000e+00
5.652827252471827046e-01
-1.000000000000000000e+00
-3.113393076684958238e-01
9.888192501177444083e-01
-5.770214962870980901e-01
7.127514634713350006e-01
-1.000000000000000000e+00
4.767918523041381196e-02
-1.000000000000000000e+00
-6.901591167560838791e-02
-1.000000000000000000e+00
-1.000000000000000000e+00
1.000000000000000000e+00
-1.094042125634853146e-01
-1.000000000000000000e+00
1.000000000000000000e+00
8.039965379093791942e-01
1.000000000000000000e+00
7.067105252276093541e-01
4.991527625962548509e-01
-8.722884339108905039e-01
8.440597439052348605e-01
-8.558119479690795561e-01
8.193072336950876222e-01
-2.632755813752772345e-01
1.000000000000000000e+00
3.996600908815617359e-02
-4.068595264152288227e-01
-1.000000000000000000e+00
-4.677470375181089768e-01
-3.937637446690346321e-01
5.331088225161626504e-01
6.200351569987407885e-01
6.204705566848656151e-01
-2.579858520544247025e-01
-1.802577919732548661e-01
-6.135549944850270387e-01
-3.607870235908917644e-01
-9.420196024808735746e-01
-7.195304910795826681e-01
-1.993683679978203172e-01
-1.703873119379477608e-01
-1.000000000000000000e+00
-2.838559669436157562e-01
6.363123180226670783e-01
6.223075913324576103e-01
1.541115022060712825e-01
1.901510665935840505e-01
1.000000000000000000e+00
1.000000000000000000e+00
1.647238919137210544e-01
1.724788913188576300e-01
-1.261336695819184339e-01
1.000000000000000000e+00
3.968457828520628450e-01
-7.218704849124115697e-01
5.593375697454265882e-01
9.863690239689909545e-01
-1.066753177156082311e-01
3.731979054138155893e-01
-4.614912449699001273e-01
-1.000000000000000000e+00
-1.000000000000000000e+00
3.763875211385777075e-01
7.994370985321836987e-01
-7.218528212081682938e-01
6.423978050917780180e-01
7.659232622102383203e-01
-3.349241822395252477e-01
-4.063568514688490341e-01
-1.000000000000000000e+00
4.262303344644000624e-01
-8.026726945928798207e-01
-9.442843042835689094e-01
-1.000000000000000000e+00
-7.498157928388076154e-01
-1.000000000000000000e+00
7.406574068560435320e-01
5.278806581463814096e-01
3.246082568643541277e-01
5.121015030123352574e-01
6.220661011251245043e-01
-5.263888971203556366e-01
6.616119300358456190e-01
3.658779152584901162e-02
-4.504585444816038287e-01
5.812745827696574885e-01
-7.702107068285413138e-01
8.905874545439360634e-01
-1.000000000000000000e+00
2.971019698199351966e-01
-3.658507358594345060e-01
9.445320272307866638e-01
-7.364956604927601624e-01
9.330401573281719152e-01
8.557297945411717066e-01
2.991256389285732453e-01
-8.014489373226389990e-01
4.674968034684102158e-01
9.746320895963849207e-01
7.033771970282496344e-01
1.000000000000000000e+00
6.888560841348039254e-01
1.000000000000000000e+00
-1.731983695720504257e-01
-1.000000000000000000e+00
6.522896040174306354e-01
7.370940764840947512e-01
-4.620722350578576609e-02
1.000000000000000000e+00
1.000000000000000000e+00
-6.676347898106509415e-01
-1.000000000000000000e+00
1.226748257422259902e-01
4.229503663562459437e-01
-5.799670597311479270e-02
4.278426895403636965e-01
4.115434745835200303e-01
5.515517296285188387e-02
-3.034685002190360414e-01
-7.670912645916023731e-01
1.765958311322499141e-02
1.371335479511903710e-02
-4.961346707788747423e-01
-9.452167795767073555e-01
-1.000000000000000000e+00
-5.353250636031301468e-01
6.124620515981314961e-01
1.000000000000000000e+00
5.380285200474184126e-01
-3.033859136862571138e-01
1.797034244149749993e-01
3.682615893341036895e-01
7.835825361621198137e-01
4.313330311714878018e-01
3.388285482633961454e-01
-8.749811373584310825e-01
-9.796640076482034942e-01
8.572257581677965588e-01
1.646427490764765800e-01
-3.252652913111642174e-01
-3.828128792578018580e-02
-2.224822856342622557e-01
3.236468091011746040e-03
-1.000000000000000000e+00
-1.697509206783827107e-01
1.000000000000000000e+00
-1.407357803567723664e-01
-1.000000000000000000e+00
-6.729628261735711714e-01
-7.940941809051949019e-01
7.363972431963516918e-02
-1.000000000000000000e+00
-6.020465969505059967e-01
7.266191595084796617e-01
-3.761892439370200236e-01
1.000000000000000000e+00
-1.000000000000000000e+00
8.207975431934881883e-01
-1.000000000000000000e+00
3.358962758954220362e-01
5.025110337132945304e-01
-1.138846718805752722e-01
1.000000000000000000e+00
-8.666411437585068711e-01
-2.008127654694106257e-01
9.336996100281980127e-01
5.704574642704030030e-01
1.865315651143018005e-01
1.000000000000000000e+00
-4.277753639218797588e-01
1.434189671390984078e-02
-1.809891346061924811e-01
7.043405522778237726e-01
6.315269648488097687e-02
8.141450274779927776e-01
8.268676956641345388e-01
3.095827137378107663e-01
1.000000000000000000e+00
-6.304564144106290513e-01
-1.000000000000000000e+00
2.617705321865924084e-01
-7.717303867834853781e-01
-6.100088180547550420e-01
8.521073910971099785e-02
9.974548543308472404e-01
-1.153347151912040291e-01
-1.363334188121108070e-01
-1.000000000000000000e+00
5.427762672299596414e-01
-1.000000000000000000e+00
6.917199179476614113e-01
-1.000000000000000000e+00
-3.262611004347015786e-02
3.090114484951669294e-01
1.016292232712753263e-01
1.000000000000000000e+00
3.744791538744692838e-01
1.000000000000000000e+00
-1.000000000000000000e+00
-8.839662451640153407e-01
-8.163326466491489519e-01
3.755939271885604391e-01
-2.264389661602622117e-01
5.760739292818179980e-01
-9.729258947210293051e-01
-2.781705480114595730e-01
1.000000000000000000e+00
8.426604489137889953e-02
2.909984514391281696e-01
9.870752794135061459e-01
-4.317784942999309816e-01
1.000000000000000000e+00
1.000000000000000000e+00
-6.687942819601389033e-02
1.000000000000000000e+00
3.788197825988334211e-01
-1.000000000000000000e+00
1.000000000000000000e+00
-1.000000000000000000e+00
4.695273582061701978e-01
7.359645222326369751e-01
6.701094615021085943e-02
-1.000000000000000000e+00
-1.060272174689736169e-01
-9.565568121194993889e-01
2.320414816989568862e-01
-1.000000000000000000e+00
-9.443961676584007314e-01
-1.000000000000000000e+00
1.000000000000000000e+00
1.000000000000000000e+00
7.869791195528264005e-02
1.000000000000000000e+00
-2.460590165016889319e-01
1.640972944647460796e-01
9.343011430651151361e-01
-8.602555702847669572e-02
4.172950577201564037e-01
1.188721248395034902e-01
