
1 96.1 34.9416 36.906278
2 96.64 57.192 35.400403
3 96.64 70.7296 29.592669
4 96.64 75.46 28.844643
5 96.64 75.733 27.768287
6 96.64 80.1494 24.697191
7 96.64 75.882 32.178804
8 96.64 82.7936 24.073488
9 96.64 82.9054 23.214905
10 96.64 87.5442 19.090253
11 96.64 84.9062 22.386288
12 96.64 73.3428 35.225002
13 96.64 88.3764 16.572795
14 96.64 88.8212 15.830498
15 96.64 84.6356 22.379287
16 96.64 88.7378 16.100232
17 96.64 78.6022 32.312063
18 96.64 89.5772 16.155114
19 96.64 89.1724 14.453178
20 96.64 87.254 18.238085
21 96.64 86.3964 21.301365
22 96.64 78.8888 32.47302
23 96.64 90.4808 13.771628
24 96.64 89.993 14.764129
25 96.64 91.137 11.669429
26 96.64 90.222 14.505017
27 96.64 75.5062 34.64853
28 96.64 87.7088 19.21359
29 96.64 90.558 13.729988