2.694491657902216009e-01
-1.776201922925141341e-01
-1.000000000000000000e+00
-1.000000000000000000e+00
2.516141888870140342e-01
-5.268289619685893044e-01
-2.685320951735006845e-02
-4.791100236247514133e-01
-9.577991446466651571e-01
3.885834213301319062e-01
-1.000000000000000000e+00
7.784845904884929446e-01
4.108241785189647999e-02
6.818883697965202328e-01
5.373917514832137199e-01
-1.000000000000000000e+00
3.758385800461967463e-01
7.908743365085417754e-01
3.272134787924846355e-03
8.219825618294840375e-02
9.041671395678678724e-01
-8.744022358151062324e-01
-8.753283535923939152e-01
-7.546246539742995640e-01
8.724609196364421226e-01
-1.928361678235221144e-01
-9.465489366219208556e-01
4.870963558337924049e-01
1.000000000000000000e+00
-7.093422218155421843e-01
-3.059740998350028995e-01
1.000000000000000000e+00
4.421751900493764431e-01
7.380122120499199578e-01
7.189806721629397046e-01
1.000000000000000000e+00
6.240525680721031865e-01
-1.000000000000000000e+00
-1.658230766158574898e-01
-3.417893079786282762e-01
-1.000000000000000000e+00
7.738888280234632600e-01
-2.912783887036790587e-01
-6.214220583149079324e-01
8.042240383162903017e-01
8.475244641717163407e-01
-1.571057129041781852e-01
7.354539512070152885e-01
1.000000000000000000e+00
-7.854299940112210443e-01
-8.133992483146550434e-01
4.892052247824243416e-01
1.635929411265315547e-01
7.576437571616874145e-01
8.232568582740396046e-02
5.142841872143466553e-01
8.921283464492699711e-01
5.262844549212715162e-01
-6.913677927583884442e-01
2.881968428277643657e-01
4.347363056034924123e-01
-7.192681413078468866e-01
6.965064988693756565e-01
-2.341179962610935306e-01
-5.657605557868203849e-01
1.000000000000000000e+00
-8.554778998722736283e-01
-1.000000000000000000e+00
-1.062912110762561646e-01
4.602140844544022058e-01
4.858839843419164306e-01
1.000000000000000000e+00
-8.206364445097127369e-01
3.891867107374940016e-01
6.306208927306042877e-01
-9.225438756687569519e-01
6.621528348641545492e-01
-9.466151200983443648e-01
1.092828270682622005e-01
7.818132288282994002e-01
1.284797919253939380e-01
-1.000000000000000000e+00
-1.000000000000000000e+00
-9.688456565987302316e-01
8.546041717068177945e-01
-5.666746172166237105e-01
2.437318414895990326e-01
-9.011057144154895893e-01
-4.188834652703190553e-01
4.779595783260918718e-01
-3.529194737957309647e-01
1.869951439263525805e-01
6.237872155422649056e-01
3.270920054345041184e-01
-5.758757434123722430e-01
-3.487629840508743584e-02
9.720422202031357983e-01
-9.775145860625723548e-01
3.810467101920059219e-01
4.292716717784665903e-01
-9.976287421782611409e-01
-8.520844706251042844e-01
4.114668996080448338e-01
-1.000000000000000000e+00
1.000000000000000000e+00
-1.000000000000000000e+00
3.722754316945536823e-01
1.775447036935440259e-02
9.123395732482764142e-01
-4.036912377036607769e-01
3.723696860994254454e-01
1.000000000000000000e+00
4.443561222610448169e-01
7.157763210483447658e-02
6.981241389831832622e-01
-5.208447198980836745e-03
-5.133787816931408843e-01
6.881677227133398134e-01
-8.099654604906454392e-01
7.565167593857469175e-01
5.413657947260064329e-01
5.288498618320169875e-02
-1.000000000000000000e+00
-4.821822903870830457e-01
-2.772018452506056496e-01
8.978708526591092642e-01
8.942571173175752897e-01
-3.247969629030548755e-01
-9.704342247756716500e-01
-8.275408833531824881e-02
5.404687468722559895e-01
-2.404893646727577217e-01
-1.000000000000000000e+00
-6.933280199004818733e-01
1.763405548592718031e-01
-1.000000000000000000e+00
7.416656732547212139e-01
1.000000000000000000e+00
-2.427164783642106194e-01
6.864483677740832457e-01
1.466605840343296330e-01
5.376945058297581959e-01
-7.346778215062048645e-01
1.000000000000000000e+00
-1.000000000000000000e+00
1.000000000000000000e+00
2.112597443570202183e-01
-6.779610501317867577e-01
-1.343652387329263842e-01
3.214306780521227203e-01
-7.984527530927251759e-02
-7.987162437844088636e-01
1.000000000000000000e+00
-1.000000000000000000e+00
-5.405511179844203484e-01
1.000000000000000000e+00
-1.000000000000000000e+00
-9.772861333267515160e-01
-1.000000000000000000e+00
1.894299091244400768e-01
-7.261959144875976824e-01
-3.064649376638124978e-01
-9.222474633593804594e-01
6.290541272380676396e-01
-5.513039664287500141e-01
1.000000000000000000e+00
-9.171806479591948502e-01
5.033336420807055234e-01
2.728447023622713186e-01
-2.677839198973718249e-01
-1.000000000000000000e+00
-8.000380484229840938e-02
6.575134677539140604e-02
-1.000000000000000000e+00
-9.614486179151535694e-01
1.000000000000000000e+00
-7.664160917884138557e-01
-1.000000000000000000e+00
5.327920715061865709e-01
1.000000000000000000e+00
-3.083760804368675945e-01
-2.190649548024869997e-01
9.986679445395215682e-01
4.569450601770210230e-01
-9.233218420408989546e-02
8.923528634757844635e-01
3.254074518389760140e-01
2.896337293041688632e-01
-1.000000000000000000e+00
-1.988955261240784589e-01
5.222002311217679438e-01
-1.373347235019651280e-01
-1.000000000000000000e+00
9.993426459340475354e-01
-1.000000000000000000e+00
4.352987927150707703e-01
-2.801964526575495551e-01
1.000000000000000000e+00
3.868548770315112240e-01
-3.151341807270328088e-01
-1.943359889893609971e-01
-1.000000000000000000e+00
-3.513128716913389016e-01
-9.934704868990018589e-01
-3.279203732866793342e-01
-7.884603393802440685e-01
-3.826316845391919408e-02
-8.533711805948990259e-01
-1.000000000000000000e+00
1.646698630908134398e-01
-1.000000000000000000e+00
-4.068556129097056218e-01
9.406524969588104801e-01
2.273747529798799683e-01
-3.173622787465086859e-01
-7.836055203002444403e-01
-2.794585146634822048e-01
6.388726562135980114e-01
2.365460820080499960e-01
1.000000000000000000e+00
-1.000000000000000000e+00
7.812493165732283806e-01
2.361489343379735706e-03
-7.280108536698060018e-02
-6.088702576713592718e-01
1.000000000000000000e+00
-2.422083388247597002e-01
-2.335818633621651319e-01
5.120916778779128764e-01
8.080752905054631174e-01
-6.122906713152058700e-01
-5.025074267207119139e-02
6.062071096578218743e-01
-1.000000000000000000e+00
8.054593536844677493e-01
-3.608090097441498667e-01
-1.000000000000000000e+00
-8.631687163195292944e-01
5.208500085482127284e-01
6.299596188205032199e-01
-1.000000000000000000e+00
6.785931151685269391e-01
-1.000000000000000000e+00
1.756363326445973816e-01
-4.842632645956543858e-01
-1.000000000000000000e+00
-9.894042818220492030e-01
-9.992992460040639457e-02
-6.103760878285548197e-02
5.170732062367988657e-01
1.000000000000000000e+00
-5.012898798923399735e-01
-6.276015129547229954e-03
1.619733039951496978e-01
-5.791052253551165485e-01
-7.715542888235447094e-01
3.714224058495307901e-01
-5.392247124801134994e-01
6.851818061948522498e-02
-1.360256615191017260e-01
-7.012671271769569392e-01
2.735736761954198348e-01
1.000000000000000000e+00
1.000000000000000000e+00
8.190063331473221298e-02
