
1 89.34704 20.029759 31.742267
2 89.34704 41.089308 35.691541
3 90.859688 56.766827 33.027845
4 91.226611 67.217688 29.523092
5 91.226611 76.95188 23.08296
6 91.226611 77.343286 23.659969
7 91.226611 79.82223 20.146797
8 91.226611 81.092636 18.506758
9 91.226611 84.8594 10.852127
10 91.226611 79.340499 20.65722
11 91.226611 80.277267 20.521868
12 91.226611 82.069816 17.777754
13 91.226611 82.863366 16.74153
14 91.226611 80.252562 20.013
15 91.226611 82.96614 15.593785
16 91.226611 83.60834 15.116007
17 91.226611 83.723538 14.040888
18 91.226611 83.516103 15.727386
19 91.226611 74.679905 28.152563
20 91.226611 80.376082 21.155695
21 91.226611 80.597928 20.129499
22 91.226611 82.65119 17.318876
23 91.226611 82.89853 16.314194
24 91.226611 83.884602 15.306081
25 91.226611 85.785064 9.399975
26 91.226611 83.600891 16.087167
27 91.226611 84.246848 14.363413
28 91.513561 81.6697 18.249154
29 91.513561 85.580107 10.143646