-2.013887563372387390e-01
9.116371016414874795e-01
-8.114099028428221061e-01
6.436102398832952431e-01
2.863900629821887200e-01
-1.000000000000000000e+00
-8.366951815459964248e-01
1.000000000000000000e+00
1.939591352555524728e-01
-9.961925869690703150e-01
-3.755330826875233896e-01
7.221095456204720264e-01
9.978815925388371255e-01
4.349252178462692520e-02
-7.831425814165680066e-01
-5.232202120095187370e-01
6.768323535295109883e-01
-2.810308158648610055e-01
-5.368196050909750383e-01
9.174369720239974324e-01
3.005295779427979985e-02
1.906460762988019253e-01
-9.366010078218813817e-01
-1.441647781391117711e-01
-1.000000000000000000e+00
-2.317358831772029504e-01
-7.163067972239174352e-01
3.569820860351362590e-01
7.875269983686143949e-01
5.359169389256076554e-01
-9.155931224120064105e-01
-5.009084551301496990e-01
-5.463602316493669786e-01
-1.000000000000000000e+00
-1.000000000000000000e+00
-1.676573619054162467e-01
5.934748088402970190e-01
6.545069778782972580e-01
7.851726944190342561e-01
6.724971969595145982e-01
-6.641789119659514684e-01
-4.758559657283698008e-01
-7.745244037625617084e-01
-2.047971406948440043e-02
-5.988570727952107209e-01
-1.000000000000000000e+00
1.000000000000000000e+00
-1.000000000000000000e+00
1.000000000000000000e+00
1.089340184147722379e-01
5.449047767908481443e-01
-7.612876591489344813e-01
1.000000000000000000e+00
-1.000000000000000000e+00
-7.538563514195759652e-01
9.575830589321261410e-01
7.905151911913114171e-01
-3.116611961965717326e-01
-4.100568174361953755e-01
-8.008211611450510858e-02
2.650382143836966797e-01
6.612435436682595480e-01
5.379474012179308318e-05
4.195187574495318206e-01
9.220176548873486588e-01
-3.521443925050002921e-01
-5.633081037787273093e-01
6.647813048476702846e-02
6.114806496419999959e-02
-1.000000000000000000e+00
5.011297118856716803e-01
2.100291920263910317e-01
1.000000000000000000e+00
5.041656487088597149e-02
-1.000000000000000000e+00
-6.309917192737184433e-01
5.245029565937786575e-02
4.155523738988705640e-01
6.937325053209364434e-01
8.323823310565827693e-01
6.688249546686926283e-01
2.755546179020829101e-02
3.498043510084392071e-01
-8.281721982564036466e-01
1.385260218873838323e-01
8.229271890521288046e-01
5.727474082317387527e-01
-2.390423443795770542e-01
1.000000000000000000e+00
1.563139294103885746e-01
-4.888666553491662903e-01
-1.000000000000000000e+00
-1.000000000000000000e+00
-3.512998764425082632e-01
2.604034389011835593e-01
-9.867847066363159003e-01
-1.000000000000000000e+00
6.866813255605348498e-01
5.329807008972332616e-01
1.000000000000000000e+00
-7.246059501980437467e-01
4.022951333612714286e-01
-1.000000000000000000e+00
-6.009886732201131787e-01
-3.021994911528254057e-01
-1.757269702375132692e-01
3.516685182387504494e-01
9.278647829666507585e-01
6.619755896720301847e-01
-1.000000000000000000e+00
8.846687149289533814e-01
1.000000000000000000e+00
-3.123422600770742186e-01
5.317649799222969875e-01
8.483842377579593474e-01
-2.814439126384941925e-02
4.480445086726303483e-01
4.313644843378843241e-01
9.024350603660720171e-01
-7.778296718884971650e-01
-8.161980299545672501e-01
6.821970979324811779e-01
7.600674893916985475e-01
-8.178834841720479254e-01
8.984375570431274438e-03
1.000000000000000000e+00
3.053052954083967929e-02
-1.000000000000000000e+00
1.676875924830554254e-01
-2.221749096571690174e-03
3.658077066981173520e-01
5.119898199744556955e-01
-8.000369064118019180e-01
-1.627030843468780519e-01
-4.383105743866431148e-01
2.663209536712263237e-02
-1.000000000000000000e+00
2.567247102630753064e-01
6.817739878741229109e-01
-3.350096487431983849e-01
-4.650712311266180787e-01
9.608811916972566092e-01
-4.453933553104857945e-01
-8.364036932197527197e-01
-9.919845534959770283e-01
-1.000000000000000000e+00
9.149192441797313613e-01
-2.541011456921602463e-01
-3.763661032573376586e-01
-3.845989177417848404e-01
-2.251473245937913870e-01
-6.781244711271749992e-02
2.465943588770581618e-01
-3.120594750046001842e-03
4.595330759971478773e-01
-3.649027887273031956e-01
-1.656650349325873295e-01
5.474358925969446954e-01
3.933412682547341443e-01
3.224452558220065601e-01
-1.000000000000000000e+00
7.283464722644938938e-01
5.892736906462270330e-01
-3.831292435893045578e-01
-8.759694638695112445e-01
7.263476660416381403e-01
-6.117561192319942442e-01
6.455854898503965433e-02
-2.165220431528513956e-02
1.000000000000000000e+00
6.324246640601409730e-01
-1.000000000000000000e+00
-3.883456730985057614e-01
-1.000000000000000000e+00
-1.916685167821222668e-01
-1.000000000000000000e+00
3.999120015639516801e-01
-6.235312961483867600e-01
-5.952273180026101951e-01
-3.433572166585525665e-01
5.241117670764949832e-01
-4.933035373540786139e-01
1.000000000000000000e+00
-5.189277959051574740e-01
-1.189024632588098207e-01
-4.386319122823354455e-01
2.118471194341733366e-01
1.000000000000000000e+00
-9.737656525557001341e-01
1.000000000000000000e+00
-3.660774328508709097e-02
-2.171287557710661620e-01
1.072847410634565346e-01
1.312127240258915695e-01
5.063709019578779280e-01
-2.583347827682695996e-01
7.400991909326968266e-01
-5.954593135385857217e-01
-2.779424401238828612e-01
9.883578362941796147e-01
1.000000000000000000e+00
1.145146963797816220e-01
8.861185426564560652e-01
7.145451563142868334e-01
-1.248190947870795320e-01
-8.092292205836575381e-01
3.313247234994689538e-01
8.700787159602423326e-01
1.000000000000000000e+00
6.175873367717879536e-02
-1.000000000000000000e+00
1.000000000000000000e+00
-2.842722967849751203e-01
7.293565404439115163e-01
8.314041474955575772e-01
-2.045440726265264075e-01
2.234105307125643924e-01
-1.632136281590352844e-01
6.841289225500876148e-01
9.240207392477592929e-01
-1.000000000000000000e+00
9.284245730612893377e-01
4.249695988460845397e-01
1.282061263354019598e-01
9.361026949724462476e-01
1.612645587208473841e-01
1.000000000000000000e+00
3.904818608104158040e-01
-1.000000000000000000e+00
-8.602515193799853410e-02
5.985657885437782877e-01
-1.000000000000000000e+00
-3.956790042645450534e-01
4.669098100366364523e-01
-9.249042082701253165e-02
1.136554699309191285e-01
8.859125680496631183e-01
-1.000000000000000000e+00
-5.603358982799362398e-01
-7.870662520796933848e-01
-6.572273789265861144e-01
-2.058975335416131092e-01
-3.147636481690073706e-01
1.000000000000000000e+00
2.353179728593099429e-01
1.000000000000000000e+00
-1.148742378885431181e-03
2.524503063358345401e-01
-7.281555312292715687e-01
-4.744603339934185815e-01
-1.105294200135633342e-01
7.923509631441083556e-02
2.890359955988841545e-01
3.614683574745495287e-01
-1.000000000000000000e+00
1.000000000000000000e+00
2.079236775724528918e-01
-3.067386037736544169e-01
7.436242319657697664e-01
-3.864443585055415964e-02
1.065518223145334176e-01
5.232258250101140540e-01
4.494837237797180696e-01
6.521059537820994567e-02
-5.871389004096003728e-01
