
1 89.719688 18.827034 33.054334
2 90.173548 42.937618 35.403537
3 90.173548 53.628625 33.603163
4 90.173548 64.153728 31.164893
5 90.173548 69.962312 28.237173
6 90.173548 77.128863 21.919218
7 90.173548 68.690729 36.157028
8 90.853561 77.573792 23.940363
9 90.853561 81.984587 17.900617
10 90.853561 85.462712 9.642831
11 90.853561 82.670136 16.791698
12 90.853561 84.431951 13.499191
13 90.853561 70.968017 34.337238
14 90.853561 83.441311 15.886931
15 90.853561 83.176665 17.070862
16 92.053561 85.538771 9.25362
17 92.053561 85.69055 8.836263
18 92.053561 84.349767 13.514518
19 92.053561 85.858354 10.68413
20 92.053561 83.589696 15.63863
21 92.053561 73.211946 32.905238
22 92.053561 84.888178 12.731913
23 92.053561 84.553723 13.56704
24 92.053561 85.461912 11.14816
25 92.053561 86.285541 6.940972
26 92.053561 68.472988 36.122121
27 92.053561 84.213979 14.450721
28 92.053561 85.928942 8.899478
29 92.053561 86.103096 8.872074