-5.252338485073658747e-01
-2.649550722250373358e-01
-9.431149098373148298e-01
-1.623997778704981965e-01
-1.000000000000000000e+00
3.613620709554707933e-01
7.367144186293717034e-02
5.741605257599950995e-01
7.221032564420326594e-01
-1.000000000000000000e+00
5.125299639588465350e-01
5.935135485942466538e-02
-5.930978573233107731e-01
6.705877430769617842e-01
-1.000000000000000000e+00
7.698880269125863984e-01
1.000000000000000000e+00
2.540485334541002782e-01
1.000000000000000000e+00
1.946816871136960447e-01
-6.575286520650891475e-01
4.975629039526490160e-01
2.656692533093835129e-01
-3.184707031833178825e-01
-4.227315244322258359e-01
-6.148936145005556853e-02
8.417478008777179443e-01
-2.154322154758397945e-02
-4.199998247786363992e-01
5.708999764270037414e-01
-1.000000000000000000e+00
-8.911224353500755146e-01
8.241755024319399325e-01
6.738481511342249153e-01
5.532778711571431085e-01
4.624569220185827945e-01
-1.000000000000000000e+00
-1.572542105010239499e-01
-4.545873061901142265e-01
1.000000000000000000e+00
-8.341572101483123447e-01
3.304099426199677003e-01
3.617005672524761795e-01
5.075037523951277940e-01
-1.140636078904353479e-01
9.600475600878989324e-01
1.000000000000000000e+00
-1.175880508662938695e-01
-6.243866217010018982e-01
2.638328045116850040e-01
-5.832512577143802446e-01
5.929168530646450330e-01
-1.000000000000000000e+00
5.181013157214262588e-01
-1.000000000000000000e+00
4.249865693213119577e-01
-7.469134696269297269e-01
-1.000000000000000000e+00
1.704364013096732466e-01
-3.976511268927993004e-01
8.274188392250697577e-02
-9.179666858659090156e-01
-3.223222051471998917e-01
1.708991216528086277e-01
-8.001067139453326149e-01
5.019562736355533961e-01
1.400134259795557945e-01
-1.000000000000000000e+00
4.100289081614068021e-01
-1.000000000000000000e+00
-1.000000000000000000e+00
2.199477832768512719e-01
1.000000000000000000e+00
-2.591986462705698213e-01
4.248131847953713347e-01
-2.371246235694908222e-01
2.826754972236384944e-01
-2.931952249081954953e-01
1.000000000000000000e+00
8.828416921840139819e-01
7.270956470532081717e-01
-3.249330892860353148e-01
-8.172182941569738901e-01
9.582735695280339971e-01
-1.532836119161562483e-01
-1.122246437483266357e-01
-1.000000000000000000e+00
-1.000000000000000000e+00
-6.818395945170201422e-01
2.223941802223064479e-01
1.000000000000000000e+00
-6.178863131028696776e-01
1.000000000000000000e+00
-4.869892998491867075e-01
-3.030647572328759587e-01
-6.891494341697161907e-01
-1.000000000000000000e+00
8.725590275187478095e-01
2.896081607794692703e-01
3.002239926586132146e-01
-1.690413111403729352e-01
1.000000000000000000e+00
8.654761084864401877e-01
-1.000000000000000000e+00
1.000000000000000000e+00
-5.875885679281622753e-01
-1.608002600237843360e-01
-4.843054555774257697e-01
3.322249669386221349e-01
-1.000000000000000000e+00
8.236029361803218762e-01
-3.397792727866164597e-01
1.869735737514417462e-01
-3.765034904411241889e-01
1.000000000000000000e+00
-2.112443265148042926e-01
-2.210664893096961903e-01
-6.468872893099565369e-01
-6.377786562466156717e-01
8.895396298781981237e-01
6.265478078805175599e-04
-6.529601078209299470e-01
4.087432110264948015e-01
1.000000000000000000e+00
9.889087855038315444e-01
6.229672944146031899e-01
-1.733811693957358346e-01
3.090301375359391645e-01
1.358210813527596650e-01
-3.858275935776332988e-01
-6.161973906415452173e-01
-2.364799238525413239e-01
1.682467954912276187e-01
5.104284374162495475e-01
6.990636371261769177e-01
-9.873902917835187809e-01
3.094997177050442527e-01
1.000000000000000000e+00
-3.699867009312786115e-01
-8.356845651966569033e-01
6.387377203916955182e-01
-1.000000000000000000e+00
-2.721138062592174389e-01
-2.858397001408071181e-01
-5.030890461142374370e-01
-9.811387470781984810e-02
-1.000000000000000000e+00
-4.368315452211879446e-02
-7.896826244939619821e-02
1.000000000000000000e+00
1.000000000000000000e+00
-1.000000000000000000e+00
-5.861371417278621321e-02
2.830724982312481930e-01
6.604269526272221746e-01
1.000000000000000000e+00
8.045209774003683201e-01
1.000000000000000000e+00
6.088694073358050796e-01
4.889548215135519627e-01
1.000000000000000000e+00
-3.070462025001260420e-01
-7.353479688695925276e-01
-4.213368530590926309e-01
-3.179241809945765329e-02
-1.745967765033444863e-01
-8.073954989835406826e-01
4.980794081669674966e-01
-9.911366806913119998e-01
5.397614988337640085e-01
-1.546762535983159381e-01
6.342372080589709915e-01
-3.038559112344018653e-01
1.000000000000000000e+00
1.000000000000000000e+00
-4.829022960302261080e-01
2.396268826982881350e-01
-2.803095900052323675e-01
-6.553829809246476401e-01
1.000000000000000000e+00
-5.179377371551268094e-01
-8.548382779618075578e-01
-3.524702918747374403e-01
-6.467282443016113547e-01
5.009301415986722184e-01
4.539798655441353858e-01
3.489158975977604826e-01
-1.180781036400440076e-01
-8.555301287600297622e-01
1.000000000000000000e+00
-6.008388260490875599e-01
-1.526219023522246143e-01
-1.000000000000000000e+00
-5.988340752272032219e-01
1.000000000000000000e+00
5.716990189900263974e-01
-1.000000000000000000e+00
-5.271247223295607576e-01
8.650344129874874000e-01
3.656727217401989360e-02
1.000000000000000000e+00
1.000000000000000000e+00
5.899447635207639706e-01
-6.165241771409648575e-01
-1.684141022079204131e-01
-5.698859290143369893e-01
5.293588931374351159e-01
4.995023401998803791e-01
-1.000000000000000000e+00
-9.906701512360318596e-01
-4.355735732246364122e-01
6.958924499452054935e-01
4.019861065314321302e-01
9.419986358519912839e-01
2.571927390521488443e-01
4.055891389578585304e-01
-6.316787868019873020e-01
5.418900358162055397e-01
-7.340692148335770106e-02
9.991615409562817351e-01
-7.084125823725195836e-02
-2.818020961884981634e-01
8.530820041354931771e-01
-6.036197538009189234e-01
7.124611641195748302e-01
4.896245927538556142e-01
4.343857140935834527e-01
-8.719035984684955221e-01
5.564940094069514842e-01
-7.691487776386479736e-01
1.923099209292923328e-01
-8.082081893078707502e-01
1.000000000000000000e+00
-2.536757004805917370e-01
4.629665901312176590e-01
-1.000000000000000000e+00
2.418662504125317358e-01
7.632734882365344031e-02
3.968885922324756343e-01
-2.400354738308629887e-02
1.000000000000000000e+00
-5.097299206724417164e-01
-8.417491021667807827e-01
6.271558181422900446e-01
-2.816431496650579902e-01
-5.664872100095830199e-01
-3.993200164521517603e-01
-6.871775354463371954e-01
1.000000000000000000e+00
6.373037058683970191e-01
1.000000000000000000e+00
2.016440860797660828e-01
3.356819923846872111e-01
3.801332616365951100e-01
1.000000000000000000e+00
9.136557171273840261e-02
6.366852166793861567e-01
-1.000000000000000000e+00
5.492764790581050605e-02
4.602398689067130344e-01
-1.000000000000000000e+00
2.160134563573077870e-01
-1.000000000000000000e+00
2.725623064661943373e-01
3.571861706276077131e-01
