
1 89.04188 34.410175 35.152538
2 89.04188 51.588486 29.171735
3 89.04188 65.420095 17.007837
4 89.04188 67.245427 14.670633
5 91.401683 68.621548 14.286255
6 91.401683 69.22045 13.946644
7 91.401683 68.60811 14.093784
8 91.401683 68.428404 15.008715
9 91.401683 66.129447 17.524612
10 91.401683 61.346444 27.674855
11 91.401683 68.016476 13.993795
12 91.401683 67.959263 14.16386
13 91.401683 68.383585 14.178822
14 91.461683 69.647034 15.111007
15 91.461683 70.007702 11.860705
16 91.461683 68.404834 13.497511
17 91.461683 69.634267 13.851674
18 91.461683 73.565245 11.406905
19 91.461683 65.102652 28.903108
20 91.461683 73.444034 12.697303
21 91.461683 73.50954 15.063255
22 91.461683 72.985475 13.877245
23 91.461683 75.135928 10.717232
24 91.461683 64.659514 29.000644
25 91.461683 72.970456 14.121566
26 91.461683 74.370996 13.453909
27 91.461683 73.9125 13.396227
28 91.461683 73.543918 16.105818
29 91.461683 63.922065 30.072308