1.224452876776862681e-01
-6.946985632635743757e-01
-6.007363675873396147e-01
2.337031390464053837e-01
-2.394241348491876198e-01
1.818052430263989439e-01
3.711798788856840448e-01
-1.000000000000000000e+00
-2.780664847980611754e-01
1.000000000000000000e+00
1.000000000000000000e+00
9.859917389833838808e-02
-3.642062237583558737e-01
4.731881204453814438e-01
-8.807818439264645249e-01
1.495504849449105222e-01
1.000000000000000000e+00
5.821500568119613028e-01
7.249294119145247572e-01
-1.000000000000000000e+00
6.701043561813683214e-01
4.701082319919085428e-01
-8.398736064922160960e-01
1.000000000000000000e+00
-6.972313661004860830e-01
3.073817268088513410e-02
1.000000000000000000e+00
1.000000000000000000e+00
7.791787410752315512e-01
5.925433480959643173e-01
-9.305596737173700284e-01
1.000000000000000000e+00
-1.000000000000000000e+00
1.573496844638954117e-01
1.000000000000000000e+00
-1.045471501166999745e-01
3.237048648045973698e-01
-4.307411011682731328e-01
1.000000000000000000e+00
-3.063878784822379187e-01
-5.994851697416511138e-01
-4.122338696783993672e-01
8.323616950106663692e-01
6.493170048818548423e-01
1.000000000000000000e+00
-4.927646694467043287e-01
5.204785836406045085e-01
1.000000000000000000e+00
1.000000000000000000e+00
9.578780466691778628e-01
-7.426945045019365255e-01
-4.471077759511480343e-01
3.142772507660253067e-01
-7.799173094656062233e-01
1.517292940540371782e-01
7.086059570500468086e-01
-6.959937567254322888e-01
-8.916734531910648354e-01
-6.178878119198342178e-01
6.969854796831702615e-01
5.191807252608954260e-01
2.534259876325463123e-01
8.950200136621802027e-01
-6.152759339634562563e-01
-5.760319307722518989e-01
1.000000000000000000e+00
3.058353479236580186e-01
2.707373174175400354e-01
8.216015347453700102e-01
6.219887865620472578e-01
-1.035839789123838561e-01
1.000000000000000000e+00
9.413767722161661133e-01
-6.550954080172476379e-01
1.764433774489505558e-01
-4.507218319068011514e-01
6.512796562172964432e-01
1.728250084668457864e-01
2.256766152599899433e-01
-5.907740580749173964e-02
-1.736835521737806198e-01
-8.995074531989090127e-01
-6.456856442743982294e-01
