
1 75.273152 9.297455 26.085281
2 75.273152 28.412143 34.243549
3 75.273152 49.115712 30.016466
4 75.273152 69.793547 5.96489
5 75.273152 67.572142 14.281991
6 75.273152 69.826199 6.573104
7 85.952892 71.739888 6.770254
8 85.952892 72.736285 7.8376
9 86.492892 69.389736 19.529376
10 86.492892 73.227639 7.276203
11 86.492892 72.357271 7.986349
12 87.452892 70.901673 7.020137
13 87.452892 71.942377 7.29696
14 87.452892 73.539982 8.807744
15 87.452892 71.858833 17.721199
16 87.996796 73.381694 16.038266
17 87.996796 76.354204 7.586692
18 88.112892 76.032996 9.008604
19 88.112892 76.982134 8.035831
20 88.112892 72.403711 16.334907
21 88.112892 70.768263 9.125202
22 88.112892 72.12258 9.040556
23 88.112892 71.648347 11.110775
24 88.112892 73.008755 10.535875
25 88.112892 73.517508 10.536547
26 88.112892 77.04393 8.135809
27 88.112892 76.169414 8.320657
28 88.896796 75.697305 8.079744
29 88.896796 74.962748 10.048275