-1.000000000000000000e+00
-8.792976877326690310e-01
8.293928072500184046e-01
-5.030627618592262706e-01
3.051570185518075462e-01
6.520484027738502331e-01
1.682470427558401538e-01
1.204205331168886062e-01
-1.000000000000000000e+00
-2.697663339176568087e-01
1.000000000000000000e+00
1.993490631307315297e-02
9.963652771867845814e-01
-9.039382373372217838e-01
-2.480126421441914975e-01
9.228770054966450864e-01
1.019505907665375632e-01
4.521145403954609510e-01
1.000000000000000000e+00
2.283317534213809008e-01
-2.905563439807588022e-01
8.266947313114803020e-01
-1.000000000000000000e+00
1.064102580155834588e-01
-1.803398162858040887e-01
5.891995298270373826e-01
-4.275574471752061623e-01
7.317594264968634299e-01
-1.000000000000000000e+00
6.330814256894063963e-01
-7.562344291625915371e-01
-8.175627856514720015e-01
-8.350569525862887588e-01
-5.018478580558138891e-01
-2.936635956785225154e-01
9.111053322928843734e-01
-9.797069238228641730e-01
1.852183884331266572e-01
4.359735544991742984e-01
7.904500712480861946e-01
-2.484668740158589850e-01
3.129993345237227498e-01
9.943361925425173720e-01
-5.184223676824823990e-01
8.689884747562846012e-01
7.906929428487541323e-02
-3.278479240266261030e-01
1.954919627580300467e-01
-6.598652403305340641e-01
-7.111141212861331606e-01
-6.169885590532835362e-01
1.000000000000000000e+00
8.357493902022079535e-01
-1.328555156277464455e-01
7.168385460036514889e-01
1.433564537968241570e-01
1.248309020821329884e-01
-3.049079116198911699e-01
-5.509159094144246982e-01
6.171894682160790069e-01
3.502557989845322961e-01
-5.778808069502325839e-01
1.590326579504935667e-01
-5.325863328923505779e-01
-9.010035871495731818e-01
-5.840001649292754227e-01
-4.634625008875836727e-01
9.017532644812784604e-01
6.228392265050386456e-01
-8.725767361997998073e-01
5.036754172661095375e-01
6.872988759389146995e-01
-9.377696285829231204e-01
-2.034606440550001949e-02
-3.141498942309863818e-01
8.161169879417069506e-01
-2.102434491828353291e-01
-8.274964344520590043e-01
1.974723203001940153e-01
-7.926552017631647296e-01
3.069019148397329477e-01
6.531009443747752830e-01
3.347700250730114568e-01
-3.394506599272570924e-01
2.190778007833378282e-01
9.157052242171828116e-01
-3.162868616288141421e-01
-7.414272984592564786e-01
7.832174993747968994e-01
-2.570079803135802976e-01
-3.771060203292626589e-01
9.705145448167731281e-01
-4.567406850237585303e-01
2.705923062729290729e-01
-4.795006851094310019e-01
3.105983481166858517e-01
-5.671449987743204524e-01
7.050591828063268451e-02
9.466039064940925396e-01
-1.646299000331197249e-01
-2.087574919044739019e-01
-3.016097510923807512e-01
6.729980588203454683e-01
1.579523675187868292e-01
9.499175052943056308e-01
4.711451385919067647e-01
7.912531237776442294e-01
1.000000000000000000e+00
1.965960256370726800e-01
-1.074193799475239713e-01
2.191154196950648725e-01
1.623545143726481399e-01
-8.086646521958229528e-01
-1.027578013583445582e-01
9.884169135573501741e-01
-3.537090579105999222e-01
6.043269728286724263e-01
-5.302593248270148774e-01
-4.804087779590002771e-01
9.613182088401137637e-01
-3.020492962107563795e-01
7.134272360869071683e-01
1.674059259051805526e-01
-8.242259465679380170e-02
-2.422552632775782921e-01
3.553581123769871120e-01
3.132892843722978604e-01
-7.851012121710541081e-01
-2.645523061931838171e-01
-6.686608047449027481e-03
1.815904862487429661e-01
-7.958572060079551758e-01
-8.459579017229195141e-01
-6.972452270941231767e-02
-1.000000000000000000e+00
-6.460367133550461993e-01
-4.381302835092313330e-01
-3.507532898491512174e-01
-7.749872226392511276e-01
-8.107471287487144629e-02
-3.995401887588903023e-01
3.664946929293686484e-01
-4.865483386805362631e-01
-6.684255397710573421e-01
2.260040211248447173e-01
-6.599424045518036408e-01
7.547979101511879119e-01
-4.743219703420638034e-01
-2.461737894385406245e-01
-6.356469322922861931e-01
4.222526999386233548e-02
-9.838197430241262254e-01
-3.657118419390843478e-01
-4.972818033581101194e-01
-9.663270295798220832e-01
5.532868467783491617e-02
-8.948663471727382746e-01
6.227499413076369450e-01
6.755331003005762280e-01
3.877431461494518228e-01
-5.372807666631933543e-01
8.974489857160805606e-02
-2.555916812703062924e-02
-1.689779779879163613e-01
-4.445551313545232919e-01
-7.117737168738011988e-01
-6.898776670109769693e-01
-3.456704064890505634e-01
-1.000000000000000000e+00
7.479437985014560919e-01
7.396776598517940116e-02
-2.076927457255306475e-02
-3.658727295127022217e-01
3.061732191942005965e-01
1.000000000000000000e+00
-6.413721187854877215e-01
4.613628926226540639e-01
2.768448358294428591e-01
3.860176490117734893e-01
4.844120020663753579e-01
-6.700168911930224347e-01
-8.778606811237164020e-01
8.021171581773642867e-01
7.728640386208960322e-01
-9.862588316999369997e-01
5.257461951419650781e-01
-7.478413890005508602e-01
-9.893818274585424177e-01
1.000000000000000000e+00
2.108862186432731711e-01
-3.818321039972942810e-01
6.248992429932267445e-01
3.707696088509542243e-01
-1.966787702579100294e-01
5.276790929091488280e-01
4.832131382195157254e-01
4.327556305775590584e-01
3.748047491032264755e-01
-6.957210966607663138e-02
9.405429370418114665e-01
6.029622987918403787e-02
6.814575365009143404e-01
-4.105888662396157129e-01
-8.532963421609895960e-02
-4.248798245282492392e-01
2.899669636114310389e-01
-8.279507002948620631e-01
6.422774710324334890e-01
-4.053170803834924563e-01
-3.071503259331214153e-01
-4.668195508562817952e-01
1.446185499444667677e-01
-2.443529471531211694e-01
9.460115682832457296e-01
4.604632141517421839e-01
1.000000000000000000e+00
1.000000000000000000e+00
-4.549504952693599336e-01
-6.738395026241101871e-01
4.868498735116246756e-01
9.722094360033288751e-01
1.737120786796666483e-01
-1.572210409576231260e-01
-6.205229505057172634e-01
5.411079749763736402e-01
-6.928314376303783551e-01
-6.700063232661896961e-01
6.901847067825923610e-01
-6.413765330054428393e-01
6.963402826175391080e-01
1.000000000000000000e+00
6.129863423667054612e-01
-1.000000000000000000e+00
2.590172926384124441e-01
-2.518716839101398097e-01
1.000000000000000000e+00
-8.990204064793476668e-01
1.833763124346943219e-01
-7.996297705721220339e-01
-2.116391081440518462e-01
-4.398040097788362690e-01
-5.742679291712178280e-01
-7.062636024367561216e-01
-9.003706580794110792e-01
6.784398193201697236e-01
7.381319346890415911e-01
-2.226552251876068311e-04
3.405985259078497807e-01
-5.840745572356003112e-01
-8.244648288582956397e-02
-1.097388594896540059e-01
9.973102361085499634e-01
-6.532802211224288946e-01
-4.143328370211427636e-01
-2.525964571831729177e-01
8.121334107584894380e-01
6.556377316139454514e-01
-1.229718566075168606e-01
2.021814923828320620e-01
-7.440373361002805552e-01
4.835245445733664660e-01
9.980981930750929543e-01
-3.432264431555118733e-01
-3.618139100931179186e-01
-6.399494203138753612e-01
1.000000000000000000e+00
1.000000000000000000e+00
-2.817162721064470077e-03
-8.161622211000740812e-01
9.050315478330928087e-02
1.207567913496475631e-01
-1.605314712682783806e-01
8.316501078277143133e-01
5.257373759377106381e-01
7.156206980617585423e-02
-8.539776862656949241e-01
9.949458517524580881e-01
4.223593780169361267e-01
-2.135297951856893750e-01
-8.941350916234902524e-01
8.954561705420140960e-01
1.000000000000000000e+00
-6.084399501878714478e-01
-9.342200630231631830e-01
-6.794799579383326016e-01
1.402178014224837455e-01
-9.409380092869024104e-02
2.992284314881428209e-01
5.414153469248623729e-01
6.335246205660965968e-02
4.851494307925205973e-01
-3.717004274859507795e-01
-7.430393877326095797e-01
-1.000000000000000000e+00
-9.950945377317104157e-01
-8.497143366016841615e-01
4.776066640710412425e-01
3.202847824774948116e-01
-3.771119219948921852e-01
8.014220232530884225e-01
-1.537324021000912033e-01
1.170143266837915252e-01
9.169103364049746574e-01
8.892152391765781871e-01
-8.860136464100474285e-01
-6.610784116905132901e-01
4.312737251835994101e-01
-6.344572571230555624e-01
1.850419772117413153e-01
-5.667998641505238577e-01
-1.855238310815443548e-01
-2.075812614319771932e-02
9.656721235787513180e-01
4.509611751877253827e-01
6.375067458852641256e-01
-9.559610773637390313e-01
8.131880007364606922e-01
-1.541028549000600378e-01
1.000000000000000000e+00
4.149255201150146011e-01
2.102470147917359089e-01
-8.404400219140497619e-01
-3.731088139151914618e-01
-5.658167211732081370e-01
9.038934218341916349e-01
-1.724486109063485539e-01
-2.308035015111553623e-01
1.000000000000000000e+00
-5.454040891004092728e-01
-8.462325647112824978e-01
6.305626742131942297e-01
-1.434380581436791591e-01
3.726254844860134585e-01
-3.747159489067319882e-02
-9.202166562153708540e-01
-4.265419678462165631e-01
-1.043867743669864012e-01
8.649871858910573863e-01
-7.155411319125744019e-01
-9.075405759123251759e-01
5.330754155386383530e-01
-1.161843916454159409e-01
-3.344450640273726183e-01
-2.533660558748034308e-01
1.961865498306574196e-01
-1.000000000000000000e+00
2.493960909785597480e-03
-3.319595313122003510e-02
4.355308977301779461e-01
3.283941201348650196e-01
4.897936019924112871e-01
-6.782918555598171917e-01
-2.153182845349237429e-01
-5.505220951670016793e-01
7.270171384202175346e-01
4.403985950817086437e-01
-2.634983189446840068e-01
-3.638082250568128728e-01
4.163291461909095492e-01
-9.867915690897222092e-01
-4.935820555716909919e-01
-1.952859711788702546e-01
-1.126797355481361507e-01
7.738986060003192335e-01
-5.186098997494088536e-01
1.912739921768860096e-01
-6.886419499052611748e-01
-1.146829356159417834e-01
9.358597403882173982e-02
8.356615348396585485e-01
-4.361999995543364150e-02
8.220142142710578081e-01
3.847099094179078360e-01
5.540887028770031808e-01
-4.538266190198563255e-01
-4.078514554281336135e-01
-9.389713745648731180e-01
3.003445702146663177e-01
-9.186457014827120737e-02
-3.083964658881959142e-01
4.348853335846851742e-01
9.551928602255310707e-01
1.000000000000000000e+00
1.000000000000000000e+00
9.882657524802430649e-01
-6.709913995697986966e-01
-7.920732840102613359e-01
-9.009470530159062740e-01
-2.208507504840702129e-01
-3.229706519078583415e-01
2.994155585008353437e-01
2.958747067385121277e-01
2.583047528365314260e-01
4.586719377302390654e-01
-7.433478952848577848e-01
6.997763223734536631e-01
-6.430902386953512018e-01
4.897956450095224401e-01
-3.952299178918918798e-01
-1.795004918691733842e-02
-1.165189710383260913e-01
4.685091186593568491e-01
-6.417778953005315312e-01
5.852054868376430630e-01
1.087131166514354597e-02
-9.778282499704682440e-01
5.253018954336048374e-01
-1.000000000000000000e+00
8.461554023839570338e-01
-4.614884408496446877e-01
7.066510314446043939e-01
-4.384611050357989370e-02
-9.138890804125645584e-01
3.550958907881645032e-01
-5.420366883075111719e-01
-2.508400200198714902e-01
-4.459690815861955260e-01
3.121060517568818860e-01
4.375118872778054335e-01
-1.699277039822812974e-01
-1.579691665766207453e-01
7.859215479706118668e-01
-4.192169816301811736e-01
-4.625893698628362749e-01
3.912739394155313466e-01
-1.000000000000000000e+00
1.306022672530620099e-01
5.843714973280444980e-01
8.082218951758610714e-01
-1.636005610526214404e-02
-8.337517488643897412e-01
3.785986006662760417e-01
1.000000000000000000e+00
-1.000000000000000000e+00
5.317497273185620710e-01
1.833870947689830722e-01
6.641290547494211882e-01
7.033374443091908734e-01
-1.939177203591091470e-01
-9.040872612781951645e-01
-1.000000000000000000e+00
-7.383729365264197764e-01
5.136597241468994213e-01
7.419418638263162169e-01
-2.152753134756997255e-01
-1.000000000000000000e+00
-1.289483480736679510e-01
-9.275666616933040398e-01
1.462295536408346752e-01
-1.000000000000000000e+00
-7.482465498496086997e-01
-8.382829085962617555e-02
6.614657042264884268e-01
7.573170532589439397e-01
-1.000000000000000000e+00
-2.501290834791276563e-01
-7.945720269003619940e-01
8.135793530897283965e-01
-1.634818551302366085e-01
-6.723945667332995590e-01
-3.332092313952856877e-01
-7.536901202451644632e-01
8.290637370500464343e-02
1.000000000000000000e+00
-7.944889048258290121e-01
6.440944500127863126e-01
-4.539628428495929846e-01
7.377018814914420020e-01
-2.765413920414427906e-01
-4.311065721945290807e-01
-5.768467912683585830e-01
5.661820013588598766e-01
-6.688577317033761460e-02
-5.247919703221148868e-01
-9.205943252035035940e-01
1.000000000000000000e+00
-1.485207216794750540e-01
3.565388455836084880e-01
3.924935172373449355e-01
-8.612141696942363644e-01
2.556656100166887491e-02
-8.751254183522401142e-01
-9.370286979715103381e-01
5.410077911808279794e-01
8.173494361397359853e-01
1.000000000000000000e+00
1.756133933088821486e-02
6.479420493808181192e-01
3.301836763959065113e-01
4.395794413008591306e-01
6.506404415751809722e-01
6.581077211309863673e-01
2.989960894728243002e-01
1.000000000000000000e+00
-1.525125152277875262e-01
6.985144242870215958e-01
-8.779410363859558863e-01
-4.316173741093234373e-01
4.728440907186918785e-01
-9.521003547267627987e-01
-7.222089561356335174e-01
2.111139158564330209e-01
8.213913960310517126e-01
-3.369213514432154444e-01
-2.894087417005242191e-01
-3.566668019445102811e-01
-5.098113933668855235e-01
8.779608005433159335e-02
1.785208107588140969e-01
-5.042095928037966246e-01
-2.939665680035983275e-01
-4.376724443057895542e-01
-9.764779047880354224e-01
-5.272658226580466678e-01
-8.218290608627336624e-01
8.064904054644330689e-01
-6.273110272411654975e-01
-6.272698760918344885e-01
-2.858933732770259084e-01
-1.000000000000000000e+00
7.194981941804119430e-01
2.966039984615765346e-01
1.000000000000000000e+00
-1.967978980337472539e-01
-9.197082087986219179e-02
