1.000000000000000000e+00
4.026776541563134026e-01
-1.000000000000000000e+00
-4.888110309829423739e-01
2.659152837297281136e-01
1.000000000000000000e+00
1.190894156320432273e-01
-1.882343411609858075e-01
6.504665768273760751e-01
-1.000000000000000000e+00
-1.000000000000000000e+00
-9.875300781560076846e-01
4.504683434940834896e-01
3.933400717306543282e-01
9.334696745470030255e-01
6.127257684918527847e-01
3.630198507690927112e-01
-6.163310255893128531e-01
-5.536582372849812028e-01
4.512595213662524696e-01
-2.474613664579301542e-01
3.056070680672631212e-01
1.386146662515241879e-01
-1.000000000000000000e+00
1.000000000000000000e+00
-1.000000000000000000e+00
7.996603112983791117e-01
5.130635894572740385e-01
-7.733444934165402129e-01
-3.149543412867258363e-01
-8.479020606611165078e-01
-6.182817946563815559e-01
-8.073630603540314921e-01
8.486148494569515366e-01
1.000000000000000000e+00
3.206722393779450897e-01
-4.520997682958057262e-01
1.000000000000000000e+00
-1.000000000000000000e+00
-1.997810181508374860e-02
-4.621847806504958411e-03
3.436313682741716224e-01
5.014071016970997330e-02
-1.000000000000000000e+00
-5.048310235704530635e-01
-4.863505465511623882e-01
-1.000000000000000000e+00
-3.789138514241725542e-01
-7.746360081885148574e-01
1.000000000000000000e+00
7.492134451979729493e-01
-8.078013320603842917e-01
8.672191186743926083e-01
3.566022644163733268e-01
6.448304228004593242e-01
8.515281095449334092e-01
5.085960874910921969e-03
2.463761733456412972e-01
4.889347222111775082e-01
-8.073479807614547532e-02
5.199858879465206751e-01
-3.158484593512370098e-01
8.299047612064776036e-01
-7.183884972168246286e-01
1.000000000000000000e+00
-2.868440183670052379e-01
5.485594196617531448e-01
5.959236038698431104e-01
6.506098164671232364e-01
3.059480877713380842e-01
-1.000000000000000000e+00
9.336069852928196022e-01
1.000000000000000000e+00
1.000000000000000000e+00
-2.438926843072092010e-01
1.000000000000000000e+00
-6.126547031125517684e-02
1.000000000000000000e+00
4.458892344027114429e-01
-2.555771710985881295e-01
-6.380880173004848110e-01
5.237817582217932921e-01
6.847243272003784575e-01
3.287111932803635228e-01
1.000000000000000000e+00
-1.000000000000000000e+00
-1.000000000000000000e+00
-3.288140523050172570e-01
-8.029714356702040146e-01
-1.000000000000000000e+00
-8.476840249471901956e-01
-1.000000000000000000e+00
2.418906793566393265e-01
1.183856994320985900e-01
1.000000000000000000e+00
-1.000000000000000000e+00
6.925022158339990686e-01
5.344694147626374292e-01
1.757952586007082152e-01
-2.101024102991340403e-01
-2.316322505135991472e-01
-3.155826580687138283e-01
-9.125565464226159662e-02
-1.000000000000000000e+00
-1.000000000000000000e+00
6.093444355093569076e-02
3.860569983226743718e-01
1.038691273533549619e-01
-4.983534938039246853e-01
-7.172588882599069127e-01
-9.416874916709834231e-01
1.538513754663306532e-02
3.652981339224642410e-02
1.000000000000000000e+00
-1.000000000000000000e+00
1.000000000000000000e+00
6.683088366959756277e-01
4.712689922226868111e-01
1.697195207879715340e-01
-7.983739154678711758e-01
9.890957923880601133e-01
4.627550328791437684e-01
8.382625097494467159e-02
1.993163641035387568e-01
9.521348895271204427e-01
-2.977126426235330303e-01
1.000000000000000000e+00
-9.985278807084292385e-01
4.013829580184551382e-01
5.825732559825118617e-01
-1.000000000000000000e+00
-5.858114243990950598e-01
-5.869877750346317313e-01
6.890652869635521816e-02
-1.000000000000000000e+00
-2.048931151527400019e-02
7.769481788013850032e-01
-4.602683099253968013e-01
-1.000000000000000000e+00
-6.180484286594003507e-01
3.428688189898027039e-02
1.000000000000000000e+00
-2.078573818901546799e-01
-1.000000000000000000e+00
1.000000000000000000e+00
-2.628746569616874917e-01
7.785481569648560196e-01
7.600156097241943520e-01
1.458576285431738562e-01
-1.484675738765053321e-01
1.000000000000000000e+00
4.742107223138227745e-01
5.474957717491690801e-01
-1.000000000000000000e+00
8.537094308725066139e-01
-2.866366686283412513e-01
-2.632686431876460897e-01
2.771731870540605769e-01
6.470814909932659509e-01
-7.914266041328892332e-01
1.000000000000000000e+00
1.039767293782274393e-01
5.233856263118277230e-01
-1.518560687995555991e-01
5.168271881296959691e-02
3.305906720215904815e-01
-8.468270150364953786e-01
-1.000000000000000000e+00
-8.605616368615204292e-01
3.162136435757674224e-01
-2.553090467333383184e-01
-7.240489545831017004e-01
8.468986897525472290e-01
-6.413049426525785357e-02
2.989035662955350503e-01
-1.000000000000000000e+00
1.000000000000000000e+00
6.729860358557896438e-01
-5.277434241613050414e-01
-4.739963261303670183e-01
-8.288924520766063342e-01
-4.085863511225397149e-01
-9.540887438633569584e-01
-2.307946062799015596e-01
-1.354659044722914540e-01
7.974609716117543323e-01
-1.261650830837401926e-01
-2.256862925489848681e-01
1.823738430770067698e-01
6.811951501944215615e-01
-7.541408130338671523e-01
3.766301600312468301e-01
-9.367667222762054990e-03
-1.000000000000000000e+00
-1.000000000000000000e+00
5.617762881701914290e-01
8.236786280899022206e-01
-5.119188843856847804e-01
-9.135763944453285657e-01
-1.108072560136883489e-01
-6.532168575570752589e-01
2.431792932394449824e-01
-9.439035615882815922e-01
1.000000000000000000e+00
-9.129131147354763165e-01
-4.433746210744631266e-01
2.780750522928733259e-01
1.000000000000000000e+00
7.578557988200395057e-01
6.399107936182395484e-01
-1.000000000000000000e+00
8.060120042633807103e-01
8.168667468783531449e-01
7.724537596203431278e-01
7.623756743195946317e-01
6.921155763865816102e-03
-5.891788196137570655e-01
-3.670010813093993463e-01
8.849404609451301251e-01
1.548564061215558230e-01
-3.475793378042730808e-01
1.000000000000000000e+00
1.000000000000000000e+00
8.374706929562585334e-01
-2.505151534490628329e-01
1.000000000000000000e+00
-5.794942583252937762e-02
6.597709832149679654e-01
-5.124698495933199816e-01
-3.282356856342807938e-02
-3.827052756792793664e-01
-8.651800357635994754e-01
1.000000000000000000e+00
-6.880935410689281717e-02
-1.998196342628721367e-01
1.000000000000000000e+00
6.928433407210543571e-02
-1.991849999883186229e-01
1.000000000000000000e+00
4.136896373567229279e-01
-8.454546061891312636e-01
-5.121754657341537342e-01
7.760938540825790266e-01
-5.261443786896213837e-02
8.219119572888049507e-01
1.000000000000000000e+00
2.554805612338463816e-01
1.000000000000000000e+00
3.934974835178688402e-01
9.124913703155761446e-01
4.288766822522836752e-02
-1.985319590353706865e-01
3.091593967273216226e-01
1.000000000000000000e+00
4.022835637306656498e-01
5.432353485553398365e-01
-2.060457402027404683e-01
-1.000000000000000000e+00
-9.985718173996946945e-01
-6.841001821913439418e-01
-1.000000000000000000e+00
1.000000000000000000e+00
9.957411759847532018e-01
1.274365118778844064e-01
-2.426366125981460620e-01
2.705832739014760180e-01
-7.119842984227806593e-01
1.000000000000000000e+00
1.000000000000000000e+00
4.304746242708704096e-02
5.097637822107878858e-01
-8.156456534756291177e-01
1.000000000000000000e+00
1.000000000000000000e+00
-2.756986126101303447e-01
4.390999311594224741e-01
-2.202119551153213228e-01
-1.000000000000000000e+00
-4.057164521558465076e-02
7.900503776515086507e-01
-4.021461859671168204e-01
1.000000000000000000e+00
-1.000000000000000000e+00
1.666064302951850706e-01
-7.848661237957712533e-01
-1.771149256903445934e-01
-3.384456580853565377e-01
-3.268263158735610352e-01
4.890192043097456587e-01
3.458808116188391568e-01
-3.882224032445991124e-01
-9.731579000363479448e-01
6.820362880756030144e-01
-1.000000000000000000e+00
-1.127307030222277628e-01
-2.572354702723534947e-01
-1.662734170267350375e-01
-1.700917347507318045e-01
-1.000000000000000000e+00
-1.000000000000000000e+00
-8.271374075407931237e-01
-9.736464912543333350e-01
8.428962693720510879e-01
6.797187042642363064e-01
5.575749788041719501e-01
6.296278880173256098e-02
1.000000000000000000e+00
-9.215004284884861230e-01
-4.048515779843917528e-01
-1.814419869691989984e-01
9.222836465171072584e-01
-2.149136675968510435e-01
1.633665810225148896e-02
6.251563659671348638e-01
9.296141879818939913e-01
-6.323794226463020918e-01
1.000000000000000000e+00
9.294771453272616668e-01
8.353305130920595234e-01
-7.050735759638954159e-01
-4.041473971426277068e-01
-8.284284994687500792e-01
-7.816056292318600551e-01
1.241436777293514204e-02
-6.146672656961871262e-02
-9.607492426776813588e-01
-4.831176404310930650e-01
9.541614277070653571e-01
-5.949618195721386726e-01
1.247979096101201058e-01
-6.634277328799302875e-01
6.507168294216858495e-01
-1.000000000000000000e+00
-6.038937707577829439e-01
-2.175322908549472967e-01
1.000000000000000000e+00
-1.000000000000000000e+00
-5.865918386058057710e-01
-8.842812909808350774e-02
-1.479462715163679110e-01
1.000000000000000000e+00
-8.365419390820492129e-01
-1.059826060007988957e-01
5.590555129603937967e-01
7.055123336217288266e-01
-1.000000000000000000e+00
6.105619357770202260e-01
9.597033882175647346e-01
7.920563736668331245e-01
6.878479477173634615e-01
-9.220821434707688891e-01
1.000000000000000000e+00
-8.935504450986859748e-01
-1.000000000000000000e+00
-3.618041693528025737e-01
2.976450062607178815e-01
8.563895315605851710e-01
6.803431389801812834e-01
9.729627290782945082e-01
8.764969410686515028e-01
1.000000000000000000e+00
-6.729129776001149255e-01
-4.763745248942341526e-01
-1.000000000000000000e+00
1.419880361465876706e-01
-1.000000000000000000e+00
5.270730978357734964e-01
8.335988755837256958e-01
-1.980670498628864795e-01
3.544143331005537023e-01
1.000000000000000000e+00
-2.335021963658658883e-01
1.000000000000000000e+00
4.470095605683447326e-01
4.999549308029997974e-01
-5.445312891365400310e-01
4.533061316609892089e-01
-8.413281632613930361e-01
-6.974529741069962485e-01
3.973956512635146154e-01
8.125930662247573544e-01
-1.000000000000000000e+00
-4.671923352017846032e-01
5.042185524494342541e-01
7.692989958127841588e-01
1.693632479555595705e-01
-3.211354905125402559e-01
1.000000000000000000e+00
-5.774952474148409287e-02
2.642771211783488949e-01
6.568824685998952972e-03
5.639339963303682257e-01
1.000000000000000000e+00
9.571833159368763333e-01
-5.968350494147880436e-01
6.737765251930727395e-02
9.636223617526501473e-02
6.992124754345829807e-01
-1.193527644390713904e-01
1.000000000000000000e+00
1.000000000000000000e+00
-8.486086760748614566e-01
-2.536173076431242901e-01
1.000000000000000000e+00
8.467544362837793326e-01
8.729779063263783945e-01
2.204249734411796724e-01
1.000000000000000000e+00
-1.000000000000000000e+00
7.293208700919731058e-01
4.585960991961497424e-01
6.471305921314155496e-01
1.451337730870229104e-01
-3.671958413690781242e-01
5.759869086428406337e-01
-4.653843713028056328e-01
-1.795393843049490901e-01
7.496232188125173668e-03
-8.339652193654464307e-01
4.198420622122439605e-01
-8.642049283906257928e-01
5.079992210116113238e-01
6.139517606510476178e-01
1.000000000000000000e+00
5.104377051826227696e-01
4.249351524915400691e-01
6.878949770366944438e-01
-5.640278317374745054e-01
3.908204693045490563e-01
1.000000000000000000e+00
-1.692812046541836146e-02
6.819277612572169911e-01
1.000000000000000000e+00
3.182588019003262936e-01
3.865175452045391813e-01
-8.504445209536104500e-01
-8.330590997061932956e-01
3.993173324877568042e-01
-1.000000000000000000e+00
9.329913939782064070e-01
-1.454115611718362899e-01
1.953264865831538799e-02
-1.000000000000000000e+00
-1.870707378257481235e-01
5.997399201259314694e-01
3.851146347808062642e-01
9.365122996971457781e-01
-6.736952930547657203e-02
-4.077858485953163026e-01
-5.016007711266676772e-01
-6.639858629896657760e-01
8.537952028319772957e-02
1.000000000000000000e+00
2.390612027816689800e-01
6.611760595505901117e-01
7.014690770938785125e-01
-8.406258280200176181e-01
-1.003914600069890639e-01
-5.167633619005937984e-01
-1.000000000000000000e+00
1.025802448517971754e-01
1.000000000000000000e+00
-1.000000000000000000e+00
-5.559463171243632651e-01
1.000000000000000000e+00
-9.536131548964839055e-01
8.013692375903676002e-01
1.603673316482754352e-01
3.939955431193862267e-01
7.922884450936873435e-01
2.461550788178954452e-01
-8.692057040693573766e-01
1.000000000000000000e+00
4.335989325424616236e-01
-4.677238442159192822e-01
-9.555418152065526805e-01
-5.572714553402345894e-01
2.088786566261493505e-01
-4.235141121334271563e-01
-9.515411960239781308e-01
6.652914818731485713e-01
9.939024973803007867e-01
1.361291756887608173e-01
2.506537773742856245e-02
-9.440865588036564393e-01
-7.815772619266461163e-01
-4.308062646659562844e-01
1.221493715531876134e-01
3.384054695415841252e-01
8.448489584974193667e-01
-6.131666005150464560e-01
-4.734822562854752448e-01
8.772524867754536437e-01
6.727312302831495172e-01
-8.787877466749706157e-01
4.437108616000091654e-01
-3.499373710637132540e-01
-3.884871103443686691e-01
1.013864588074975259e-01
-5.664420385654289625e-03
1.000000000000000000e+00
-7.544388965776072098e-02
-1.000000000000000000e+00
1.000000000000000000e+00
-3.009485696839415692e-01
8.340276572858276172e-01
-1.475957779763337196e-02
1.972284150352530130e-01
2.552778484940829151e-02
1.000000000000000000e+00
-1.000000000000000000e+00
3.047896823841693137e-01
1.186599479194248574e-01
-1.000000000000000000e+00
1.002604968532830598e-01
1.000000000000000000e+00
-1.000000000000000000e+00
-8.529746164329572444e-01
2.814349073656645661e-01
-8.130233304958500717e-02
2.564286588458255522e-01
-1.000000000000000000e+00
6.618494030021837560e-01
1.000000000000000000e+00
8.897168937364385854e-01
4.363255078942444576e-01
1.910615285881900327e-02
-9.965299355284512606e-01
-7.475218532771159552e-01
-5.670263813221581017e-01
4.292359408299382673e-01
7.873572718656940417e-02
-4.826174948896746475e-01
-1.000000000000000000e+00
5.442889971240413294e-01
4.117160895016951372e-01
-1.000000000000000000e+00
-2.047114593111372394e-02
3.543341284969941246e-02
-2.764347186758076003e-01
4.743653692417603152e-01
1.000000000000000000e+00
3.640673707565680317e-01
5.979654754340009148e-01
6.353212622737249848e-01
-1.000000000000000000e+00
-1.037541116423711385e-01
7.504543102484376726e-01
1.242030837941041077e-02
-1.000000000000000000e+00
-9.510451285018706180e-01
-8.725504883016418911e-02
-1.000000000000000000e+00
8.910189411831257456e-01
-2.253800504343064781e-02
1.000000000000000000e+00
-1.000000000000000000e+00
-1.986354305998870862e-01
9.485656789096701402e-01
-3.952163874011167533e-01
-7.749223439888797138e-01
-3.447472513465930088e-01
-1.000000000000000000e+00
8.836415996879543044e-02
4.432783324040954209e-01
-8.673809134707854973e-01
1.203357155102846576e-01
6.490609744432809247e-01
-7.360098467453344284e-01
-2.546935179254421477e-01
6.023117529102564038e-01
8.838093916627620672e-01
2.537254003190486662e-01
9.267826114606542154e-02
-1.000000000000000000e+00
-9.550662192658461169e-01
6.714850645022611975e-01
3.951791751691197119e-01
-9.832825720513160839e-01
1.000000000000000000e+00
4.598284644188375681e-01
-1.000000000000000000e+00
-6.454905038650067262e-01
-1.000000000000000000e+00
-2.814356243120574863e-01
5.509018257110969152e-01
1.783178346757028354e-01
4.100759646102183353e-01
-4.238045421479281760e-01
6.038210359716468245e-01
1.832004846616782645e-01
2.857288652589420330e-01
1.000000000000000000e+00
1.200196320757798418e-01
1.214194162721593528e-02
7.662461725812356184e-01
-2.170460631568151832e-01
5.968163892832532014e-01
-4.626153575756296599e-01
1.555697317422557457e-01
-3.778945682868385392e-01
-5.094685284214914844e-01
-1.341084453695172707e-01
-2.793220163992775618e-01
-3.796922513750611294e-02
-9.520723231657788332e-01
5.657154318673944804e-01
-8.080522182391358665e-01
1.000000000000000000e+00
-7.078159989759436055e-01
-1.340377707734627943e-01
-2.269169071087098200e-01
-3.060068246082554566e-01
-2.804338803278644265e-01
2.581609401804754178e-01
-1.000000000000000000e+00
-7.838419963310705452e-02
-3.586183621654832621e-01
-2.591030950357657847e-01
-1.000000000000000000e+00
-6.375438843521290533e-01
3.526397645400929370e-01
-1.821766704625036315e-01
1.000000000000000000e+00
-1.000000000000000000e+00
1.000000000000000000e+00
-7.401467755927750858e-01
-2.870073780299798871e-01
1.596742799663055656e-01
-1.000000000000000000e+00
-6.404325025158494888e-01
1.000000000000000000e+00
-1.000000000000000000e+00
-6.178581986795598224e-01
-1.000000000000000000e+00
-1.000000000000000000e+00
1.000000000000000000e+00
1.857223705331352281e-01
4.617046783401616006e-01
7.190028649908366543e-01
-3.033605146224774285e-01
2.865760452384454871e-01
6.617282425132057222e-01
-8.423547173950995948e-02
-7.224659881506223513e-03
-1.000000000000000000e+00
-8.510871047932822009e-02
6.585143768938164222e-01
1.000000000000000000e+00
1.000000000000000000e+00
-5.880989537006042767e-01
-1.000000000000000000e+00
7.002752315300332375e-01
-1.000000000000000000e+00
-1.000000000000000000e+00
7.652113648467945284e-01
4.978793914368435658e-01
-2.544287925766459679e-01
-4.232714811995066384e-01
1.000000000000000000e+00
4.415694410346606702e-01
1.000000000000000000e+00
-4.415779435066558012e-01
8.323336280033140078e-01
5.740069188884695528e-01
3.984864305252389105e-01
7.283658022403484145e-01
-1.890716318161229093e-01
-9.072559827951697242e-01
7.005618868845142622e-02
-8.835933191022711242e-01
-1.000000000000000000e+00
-1.000000000000000000e+00
3.876671501611828052e-01
3.229299362612358948e-01
7.201529790791383334e-02
5.866150600231243573e-01
-1.000000000000000000e+00
-1.285651040960844593e-02
2.500265147589630921e-01
1.000000000000000000e+00
-7.376893954387401253e-01
6.047370316602206364e-01
4.886034169563107099e-01
8.730704295059465991e-01
1.000000000000000000e+00
1.000000000000000000e+00
7.802325783059486097e-01
1.000000000000000000e+00
-7.475274325666463326e-01
1.000000000000000000e+00
-8.125762146170274480e-01
-6.501808021609705168e-01
-2.745331048823392850e-01
-9.807434185757326617e-01
2.077161477447706517e-01
-3.448427198761995771e-01
-5.466262671290458286e-01
6.525054323335317541e-01
-8.466630977744671327e-01
7.080578246385312857e-01
1.844854214814679594e-01
-2.297681930807932149e-01
-7.948724249849259404e-01
-1.000000000000000000e+00
-7.387144742798409380e-01
6.309376380910890481e-01
1.769690045868994588e-01
1.000000000000000000e+00
5.487592675957315702e-01
-1.919498180717511548e-01
1.000000000000000000e+00
-2.439789921951704965e-01
-1.000000000000000000e+00
-2.865861818969226427e-01
-1.000000000000000000e+00
-8.518965600100887325e-01
-9.981252991024422982e-01
-8.536060136838938273e-02
-7.760395767829875169e-02
8.975491952852472366e-01
5.745529429720043213e-01
1.635621646934692919e-02
8.138423777087735456e-01
-1.000000000000000000e+00
-2.775140986421811284e-01
-2.019163775455280474e-01
3.619897798817768297e-01
1.292794907144280692e-01
-9.956387209367445479e-02
-6.599479078535414045e-01
1.000000000000000000e+00
8.885864597076467142e-01
8.865105243610975627e-01
4.738995911449433440e-01
-1.662644913322499640e-01
-2.858299439984742230e-01
-1.563109449666406914e-01
-8.342054932815605728e-01
-6.112610774612254882e-01
-4.535926081943819632e-01
1.000000000000000000e+00
-8.416380997805761321e-01
-9.807442345021135655e-01
-8.859925201860507915e-02
1.741349716221537447e-01
8.092948899307308430e-01
-3.735176160480493390e-01
-1.000000000000000000e+00
3.984147338977408470e-01
-1.248661872178513654e-01
1.000000000000000000e+00
6.003270015223018952e-01
-9.854496691826277743e-01
-5.769770237619110675e-01
-4.444313647218138819e-01
-1.000000000000000000e+00
-3.520147612070332332e-01
-7.023056385863845064e-01
-3.597356297540603709e-01
1.000000000000000000e+00
6.809811890677552881e-02
1.000000000000000000e+00
7.406164434246598205e-01
3.886584199432996378e-01
-8.105536334367187123e-01
-2.331246749238489180e-01
-3.004247236063215531e-01
-1.000000000000000000e+00
-4.068036986244893960e-02
-1.000000000000000000e+00
1.000000000000000000e+00
3.302886927250674454e-01
8.874812474235111992e-01
1.000000000000000000e+00
-3.306643881048050848e-01
-1.000000000000000000e+00
-7.000962234177469101e-01
-2.841111603328361213e-01
2.745564790044680015e-01
2.132107985442870390e-01
7.955068603468236077e-01
3.299516667564965644e-01
6.746703450622643095e-01
-9.171595440565456503e-01
4.763266214333263804e-01
-1.678964193887078071e-01
-5.309254905539824154e-01
9.637334191703403885e-01
-2.253383484285997884e-02
-1.145564643732829013e-01
8.389053580422560774e-01
-1.000000000000000000e+00
-2.649032454126540315e-01
-6.411245984961793098e-01
4.300577148117387116e-01
-5.857412271379486279e-01
-9.454810302561464930e-01
1.000000000000000000e+00
3.640354028387058349e-01
-1.000000000000000000e+00
-1.000000000000000000e+00
-1.000000000000000000e+00
1.000000000000000000e+00
4.884594392740904123e-01
7.177474367059032412e-01
-3.278601116412747096e-01
-4.827952970244895337e-01
1.000000000000000000e+00
-7.886087368366068162e-02
-6.370756209163314088e-01
-1.678476543440730051e-01
-2.310573831772789744e-01
-6.288812808898465168e-01
9.335018319099936956e-01
5.268928181042904502e-01
1.000000000000000000e+00
2.985223795831942195e-01
-2.333840069973135423e-01
-5.939888174751961625e-02
-6.614365759552658375e-01
1.000000000000000000e+00
2.326108316342221372e-01
-5.288878620254084950e-01
7.407902526635516960e-01
8.031315270546173224e-01
3.650660323699101983e-01
-1.000000000000000000e+00
-2.362828414885884687e-01
-4.117969233034259879e-01
-5.505572411859664950e-01
-6.218925821176526370e-01
4.199315591277983373e-01
2.477442070452831047e-01
9.666330853477411722e-01
9.433552879142204084e-01
-1.253985260869284191e-01
-4.131172361146604466e-01
3.523538396519583227e-01
-6.982709521446632817e-01
-1.000000000000000000e+00
3.356148811649772856e-02
1.000000000000000000e+00
-2.062508697309952677e-01
-4.403456684035017554e-01
-1.000000000000000000e+00
1.000000000000000000e+00
7.554093192348354524e-01
-1.000000000000000000e+00
1.000000000000000000e+00
3.630219330847794801e-02
9.359543221907595800e-02
-1.000000000000000000e+00
-6.918409273528578485e-01
6.740568533550826691e-02
8.013965349305955943e-01
7.386682421365107221e-01
-9.761824978212696458e-01
-2.037875899312036054e-03
2.177377872037922213e-02
-1.000000000000000000e+00
3.314909544312916179e-02
-2.463251732071507494e-01
2.739783295658189122e-01
3.716166966814524186e-01
-4.599415706710665575e-01
-1.000000000000000000e+00
-3.949300973653766533e-01
-4.684039905428420969e-01
1.000000000000000000e+00
-1.000000000000000000e+00
4.259330291133798241e-01
-5.833196246444328770e-01
2.019897240668401261e-01
1.000000000000000000e+00
9.212785590713024053e-01
-9.641294349125799634e-01
6.528699538302611405e-01
-8.056987005972870985e-01
-3.499245053273747352e-01
9.846076327177736287e-01
4.398139053561844758e-01
-7.821000482979674207e-01
-4.535775689209717298e-01
-8.768722378040332277e-01
-8.177805748330914115e-01
1.000000000000000000e+00
1.000000000000000000e+00
9.382309465528917425e-01
-8.743015005645266013e-02
-7.184537654484923763e-02
-9.234857646061536141e-01
1.000000000000000000e+00
2.354624680221719668e-01
-6.734748465525141059e-01
-4.114152708593277197e-02
8.578614929776084974e-01
-9.361794155108440485e-01
6.330053389474091796e-01
-3.244434508460884992e-01
8.622920726745575415e-01
1.737993847513272794e-01
9.936078160249284252e-01
-4.641329676150807160e-01
7.605688342445542371e-01
6.921012831177886238e-01
-4.154331268026334456e-01
-2.268034103881022556e-01
1.000000000000000000e+00
6.017585936687213088e-01
-4.080452841657421503e-01
-6.883878512410714912e-01
-7.468110690110540961e-02
1.000000000000000000e+00
3.276829920839574584e-02
7.743598454902778094e-01
-1.000000000000000000e+00
4.574639825264589788e-01
4.057303187475278516e-01
5.217245797134237861e-01
-3.062641161894045227e-01
-2.353776738073730668e-01
-2.441910884550349270e-01
-8.985303615002274702e-01
5.035560132521696985e-01
8.033537093107969707e-01
-1.000000000000000000e+00
9.075980181915577205e-01
-7.649553468203283968e-01
8.835180275748397705e-01
-4.383556011139391195e-01
3.986044141895441761e-01
3.705253238306616126e-03
-1.000000000000000000e+00
1.000000000000000000e+00
5.470525494426645707e-01
8.984078893530571541e-01
6.870055905282772546e-01
9.115527210199592112e-03
-2.187815615729339358e-01
1.000000000000000000e+00
-1.709853641081271469e-01
7.404094690014686453e-01
6.360490827131970448e-04
-9.175236494136103094e-01
1.000000000000000000e+00
7.259142469381609786e-01
8.192224157360720183e-01
6.403954607399415799e-01
3.531734636676495120e-01
1.662237891098893305e-01
1.000000000000000000e+00
-9.816639005340899171e-01
-1.000000000000000000e+00
-1.544606371004686451e-02
-4.826888940632113600e-01
-5.793941461292475559e-01
-3.369911196202308723e-01
6.734029580015199468e-01
6.175990077411168677e-01
-4.423432620111438229e-01
1.000000000000000000e+00
-3.521648705357560694e-02
-4.528071224815330975e-01
1.996735538220708595e-01
6.394329083337523256e-01
3.514022410721685530e-01
9.540841257275696208e-01
-7.088166263008384149e-01
-5.703425694908745847e-01
3.373610451586082082e-01
-5.747009239057591090e-01
1.000000000000000000e+00
6.878416799585591601e-01
-1.000000000000000000e+00
-1.000000000000000000e+00
9.541653990740577296e-01
1.000000000000000000e+00
-2.830784598275766228e-01
-3.115679368874169075e-01
5.610281210389760354e-01
-5.154196340551393529e-01
-3.722107543491011139e-01
6.819383098878075700e-01
-7.845311160503050107e-01
6.534821672837753948e-01
3.037485933019277162e-01
-1.000000000000000000e+00
7.645780501302206211e-01
6.231442078477638091e-01
1.000000000000000000e+00
3.258883954796211180e-01
1.466832521005317913e-02
-1.000000000000000000e+00
7.632834060519622099e-01
9.973160483868569459e-01
3.423646892867184821e-01
5.293465898230269584e-01
5.839636112561780168e-01
4.257176611853035197e-01
2.988989678394981531e-01
3.731779127683451103e-01
-5.337368703159361960e-01
2.940670424877411815e-01
1.017214214183037591e-02
-9.691132019283745791e-01
-1.831483160552658807e-01
3.591454546584943452e-01
9.785260820153980355e-01
-4.658642172983391561e-01
-1.000000000000000000e+00
8.018400900695383804e-01
4.560067489324344803e-01
-3.973975145082981886e-01
9.802737729084424201e-01
9.776384889093105990e-01
4.319750344410561715e-01
-8.491600842051110209e-01
6.305693111492347569e-01
-3.159834814918398571e-01
-6.054416374140670909e-01
1.000000000000000000e+00
-7.410095928392901321e-01
4.628080223279347205e-01
1.587852342042697096e-01
-5.899338663161590723e-02
-6.263094120110380691e-01
3.638023424069418699e-01
1.000000000000000000e+00
1.130853774111494903e-01
9.466902488397811455e-01
1.436720295922746526e-01
6.334618997152368092e-01
2.375316454798495069e-01
1.000000000000000000e+00
3.133305818165001977e-01
7.315338495277896591e-01
-9.961834684896120340e-01
9.502922366214993088e-01
3.483393078129003173e-02
-4.824507783065752897e-01
-4.183580338879617777e-01
-7.137494981614573852e-01
-1.256797296605456360e-01
1.000000000000000000e+00
