
1 90.653025 16.862105 33.807026
2 90.653025 37.957217 35.214108
3 90.653025 54.853899 34.148648
4 90.653025 65.557528 30.580962
5 90.653025 66.150171 36.551428
6 90.653025 76.077086 23.969796
7 90.653025 78.878281 21.158856
8 90.653025 79.424739 21.644715
9 90.653025 82.059373 18.686868
10 90.653025 70.34364 34.752836
11 90.653025 77.499955 24.472713
12 90.653025 79.089517 21.533812
13 90.65642 82.669028 15.38874
14 90.739688 84.983279 12.331825
15 90.739688 81.721618 18.479494
16 90.739688 82.881496 17.044848
17 90.739688 84.570543 12.461184
18 90.739688 82.325074 17.495366
19 90.739688 70.195513 34.996236
20 90.739688 85.060182 13.405958
21 90.739688 84.069184 13.734333
22 90.739688 86.22071 5.760487
23 90.739688 86.189842 6.301955
24 90.739688 69.117497 36.338594
25 90.739688 84.164945 15.309392
26 90.739688 83.877431 15.293521
27 90.739688 84.093898 15.242919
28 90.739688 86.014408 9.629583
29 90.739688 66.287496 38.217079