-1.972043268329928267e-01
-1.000000000000000000e+00
-4.492040965140344788e-01
-7.479792726348972742e-01
-8.187574603405889384e-01
7.875307627921592779e-01
-9.765619923307777839e-02
-1.079931667443281840e-02
5.147354872363884004e-01
1.727941537624861357e-01
-1.410085536196838407e-01
5.426000741397374316e-01
-1.000000000000000000e+00
-9.475863093172569585e-01
-5.428286265128805521e-01
-8.271968228805592904e-01
-5.514300696414770053e-01
1.000000000000000000e+00
2.468586658969365022e-01
1.000000000000000000e+00
8.545815940426723101e-01
4.800330997578581282e-01
7.363747677585262830e-01
1.980395337179521320e-01
-8.002606920188990447e-01
7.066748356015115640e-01
6.376406974822166340e-01
-9.277344305524184431e-01
-1.000000000000000000e+00
5.983692498217239031e-01
-5.610737033646118199e-01
-3.505592439821536566e-01
8.216723423190854803e-01
-8.607570195712676009e-01
-2.759831242248789174e-01
3.193220420615512367e-01
-6.066879310324295727e-01
9.269240995821208529e-01
9.411639820447645910e-01
-6.578958697155337099e-01
-5.135866133890660823e-01
-1.406529315217905918e-01
-6.196441161943760934e-02
8.141325704330719670e-01
-1.878228232339289039e-01
9.766586328551127849e-01
2.896587031394122214e-01
6.228237963596701121e-01
-1.000000000000000000e+00
-6.759447713766602028e-01
-6.312885184934242666e-01
-5.526595119480690599e-01
-4.696504992049810312e-02
2.023750781881838989e-02
1.000000000000000000e+00
4.728397969714694948e-01
-1.000000000000000000e+00
-1.000000000000000000e+00
1.000000000000000000e+00
-5.197470808063631154e-01
-1.081413397366368656e-01
-1.000000000000000000e+00
-4.913759900735620301e-02
-1.000000000000000000e+00
2.512607469551724204e-01
-6.648944552316433665e-01
-6.980743707561258837e-01
-3.271069182078170101e-01
-5.220096472973598800e-01
9.801516145945379233e-01
1.000000000000000000e+00
4.304596694889814557e-01
-1.357002697622089471e-02
5.692355655520860980e-01
-1.299632836721361651e-01
4.602780015493882493e-01
-1.000000000000000000e+00
6.361648311818499657e-01
2.295167119394929678e-01
1.000000000000000000e+00
-1.000000000000000000e+00
9.320094766743560744e-01
3.039464340996342884e-01
1.000000000000000000e+00
1.000000000000000000e+00
2.046473782647003081e-01
-6.901650882403176368e-02
-8.535596623353727264e-01
7.346812975329539697e-01
1.000000000000000000e+00
-1.000000000000000000e+00
4.442052463330400380e-01
1.983579684913765462e-01
4.238194026307329221e-01
1.000000000000000000e+00
-4.079531262772808642e-01
1.420674138532167508e-01
-6.211479452437356219e-01
-7.927851897728966923e-01
-2.190881107198276168e-01
6.230740254477570295e-01
9.875232249157783748e-01
1.000000000000000000e+00
6.935253932889395845e-01
-1.000000000000000000e+00
5.480951919837113717e-01
-1.000000000000000000e+00
-5.631307350512124721e-01
3.821280840695295278e-01
-2.466050407324493765e-01
-4.588751678857027061e-01
-4.998159074488241205e-02
-2.405265083611325405e-01
-9.903088154089074724e-01
-1.000000000000000000e+00
-6.718242780565339967e-01
1.481452421780613538e-01
-5.918909138388123159e-01
1.000000000000000000e+00
1.000000000000000000e+00
-3.947132412801911960e-01
-9.009194335633607942e-02
1.000000000000000000e+00
6.479503297080526636e-01
1.659297885711948362e-01
-6.841293993172239407e-01
-1.000000000000000000e+00
-1.000000000000000000e+00
9.091249043176947708e-01
-1.000000000000000000e+00
-1.394953959388210429e-01
-5.395947594167375128e-01
-5.261763987113037278e-01
7.298853649740956184e-01
4.094897827375973964e-01
9.869415920325304015e-01
-7.928512054899430339e-01
-3.957731133463955331e-01
-4.831185953153426249e-01
1.576947408656268479e-01
2.630418633246758287e-01
3.127080729153752792e-02
-5.703931396815838939e-01
-1.000000000000000000e+00
-9.059398940688714319e-01
6.617208065350942414e-01
-5.235057806473655262e-01
-1.000000000000000000e+00
-1.000000000000000000e+00
4.437505475460497006e-01
-1.000000000000000000e+00
-5.327414236504517397e-01
4.500637063708273766e-01
-3.199973733371480611e-02
-8.731347575269921002e-02
9.645731030133464223e-02
6.339465384500151401e-01
-6.852348072127903977e-01
-3.247307084941412625e-01
-1.518513548035087535e-01
8.063171267534947617e-01
7.474289640581011085e-01
-3.581600931490920292e-01
-1.000000000000000000e+00
1.325215212128936226e-01
8.043133908617154937e-01
1.000000000000000000e+00
-5.125217455891328822e-01
-3.273326080795455617e-01
1.981523004565813317e-01
4.256291617367358171e-02
-9.537155045279741561e-01
-1.000000000000000000e+00
-1.000000000000000000e+00
-1.000000000000000000e+00
-1.135973931782849333e-01
1.000000000000000000e+00
2.943811318235436264e-02
-2.387382392876655768e-01
-7.439367657460428385e-01
8.024484475751922918e-01
3.672281378940752128e-01
2.658297431484646367e-01
-7.643298507843898637e-02
1.000000000000000000e+00
-9.894879882510621005e-02
-8.303968958762726338e-01
7.685128941005485714e-01
-7.807083917150599017e-01
2.437513450639989254e-01
6.453657635999523468e-01
-5.521983385782689435e-01
4.781376027805039897e-03
-5.805095881355942788e-01
4.224850806769829825e-01
9.909446130981931500e-01
4.676693243722441773e-01
-1.000000000000000000e+00
2.230519153546722810e-01
-6.315685859813390257e-01
-1.000000000000000000e+00
-9.932309888633779060e-01
-4.621398226704591661e-01
6.589248551215786120e-01
-5.149876033796287889e-01
6.832933234267424272e-02
-1.945356187351167110e-01
-7.745984015304512305e-01
1.000000000000000000e+00
-5.745981809354587799e-01
4.824767250308914512e-02
-8.708232174571592932e-01
-1.000000000000000000e+00
-8.141723358024189894e-01
9.198834611282511453e-01
9.506001673048976031e-01
1.993040703814838999e-01
1.000000000000000000e+00
-6.412864460703735503e-01
-3.842827979328798937e-01
8.225104227758955888e-02
9.957938545690081522e-01
-3.118354743903316573e-01
-8.573251019216354685e-01
7.561927537224915064e-01
1.000000000000000000e+00
-5.295291832185429204e-01
1.000000000000000000e+00
3.667585485668649614e-01
2.282929533651194554e-01
6.793968119800060101e-01
-1.037988370610357924e-01
1.921697244518361103e-01
5.483466652244400885e-02
3.369320290712389254e-01
-1.000000000000000000e+00
7.430544619640586657e-01
-6.708370199341384676e-02
-5.202146098335781454e-01
-1.000000000000000000e+00
1.000000000000000000e+00
-4.680431020853459412e-02
3.883654281728630142e-01
6.928183589945153820e-01
-7.455300374478185388e-02
-3.422543984601149059e-01
7.795876278126270265e-01
-2.231244270789875528e-02
2.858651044126607754e-01
1.000000000000000000e+00
2.470858012963577099e-01
-8.251947116796667370e-01
-1.089664653221361634e-02
1.000000000000000000e+00
1.000000000000000000e+00
8.044734343375672392e-01
-7.030870336318386649e-01
-1.000000000000000000e+00
3.735793593993688155e-01
-1.000000000000000000e+00
1.790843373918680204e-01
1.000000000000000000e+00
-1.779142325371262101e-02
-3.157004143737847102e-01
-2.381982155387198374e-01
9.113101635217594199e-01
-1.000000000000000000e+00
-4.433085948195963910e-02
1.000000000000000000e+00
-5.017009697355794273e-01
-1.610334309712055934e-01
-8.668259550713314221e-01
1.000000000000000000e+00
3.367089808606131829e-01
-8.008254204107063678e-01
1.000000000000000000e+00
-6.737872319973369217e-01
9.925583707718287352e-01
-1.000000000000000000e+00
4.403568750826693523e-01
-7.210851843679311202e-01
-8.159896908493509127e-01
-7.802851291695951375e-01
6.577630296405119203e-01
1.987170371032167537e-01
1.000000000000000000e+00
7.541112875019073680e-01
6.006713710316621824e-02
-2.583076581054161158e-01
3.655446039347567400e-01
7.397926383387263272e-01
-5.311956089280291948e-01
-1.000000000000000000e+00
-1.216891788455625942e-02
7.194191729852150718e-01
-2.669452685957676152e-01
-6.994260823648978942e-01
4.130783829514339534e-01
7.120160764142988707e-01
-1.266857220963742703e-01
-8.561284143437800642e-01
-3.643099908010921650e-01
1.801640658408666940e-01
7.858314524131326806e-01
2.327063145258631283e-01
7.099400897922323317e-01
-3.537116456434344358e-02
-6.025902694486831024e-01
-1.976971123770250305e-01
8.769472384974978940e-01
-9.424741790111663686e-01
1.000000000000000000e+00
-7.831154044787000945e-01
6.887348583933340374e-01
-3.177440484851561386e-01
-3.702525447888554422e-01
-8.233813830555588575e-01
-2.296254402938652794e-01
9.863518072613328691e-01
-6.810602242274425011e-01
8.118114366860602615e-01
-9.327292759115047849e-01
9.377687727442123311e-01
-1.864402297902021388e-01
7.834982105509660788e-02
1.000000000000000000e+00
1.000000000000000000e+00
5.818468967841836648e-01
1.000000000000000000e+00
-3.045653526505796016e-01
4.821091206462513323e-01
1.000000000000000000e+00
9.503674395307750711e-01
1.000000000000000000e+00
9.784893670141925348e-02
-2.984552233657725151e-01
-1.977201344207724087e-01
-3.341764241288103232e-02
-9.665835796223761767e-01
4.067684109647125013e-01
-2.134911182821936926e-01
-9.954585401440814163e-01
8.316642279919397307e-01
-5.806643182412510873e-01
1.000000000000000000e+00
5.126620065501461543e-01
-3.478175673439900528e-01
-3.049335158260640388e-01
2.559108961795145687e-01
1.000000000000000000e+00
-1.000000000000000000e+00
-1.000000000000000000e+00
9.205577084830169898e-01
-3.091420120473662436e-01
-7.852616041289472992e-01
1.181887722361327775e-01
6.785107701511214895e-01
1.000000000000000000e+00
2.790778549376999873e-01
-4.615149921849974746e-01
4.442258372306554515e-01
-7.698810472317451081e-01
4.692419769903055649e-01
8.568505532988681672e-01
5.104599883313792885e-01
-1.000000000000000000e+00
8.114222711689136336e-01
1.421557001195099534e-01
-1.000000000000000000e+00
-2.442870715449769747e-01
-4.866502968652380856e-01
-1.000000000000000000e+00
7.653275861528712198e-01
1.000000000000000000e+00
1.000000000000000000e+00
-5.487172520215013449e-01
7.775350443768581643e-01
-8.154120084659980394e-01
5.383606199067756393e-01
2.881233682548061670e-01
-1.052633169152201453e-01
6.229614558352830622e-02
-1.228878020225089851e-01
-6.256485459936373950e-01
-1.000000000000000000e+00
-1.010771806722998573e-01
-8.445479694579188790e-01
9.655572556017073538e-01
-1.000000000000000000e+00
-1.723327617584345384e-01
1.000000000000000000e+00
-5.106228275794260085e-01
1.000000000000000000e+00
-1.847522927879017285e-01
-2.890925959407802948e-01
-8.895637372952164279e-01
4.527628877271638874e-01
-7.945639326495592680e-01
-1.029452688155579887e-02
-9.656377220946334994e-01
9.614236313068680317e-01
7.571165106484389895e-01
2.490839551898840210e-01
5.201513777675539352e-01
4.424999373543658798e-02
3.068273497270568306e-01
7.298253648991512854e-01
9.556650937597055417e-01
1.000000000000000000e+00
9.796324361012569426e-01
-8.004000054694072608e-01
3.771217239300476698e-01
1.000000000000000000e+00
-3.413820271820926511e-01
8.021778709982188005e-01
-1.299537377159869500e-01
-7.622572673825991907e-02
-1.000000000000000000e+00
6.897348179222891895e-01
-1.000000000000000000e+00
-4.145358304702209118e-01
-4.749263905600428770e-02
-1.000000000000000000e+00
-8.496669966992915768e-01
-1.000000000000000000e+00
5.514093246187088404e-01
4.068889798729358187e-01
-3.924198674519985275e-03
5.182956426035806308e-02
-1.000000000000000000e+00
-6.862250359357497942e-01
-6.508814274149876677e-02
2.988148555183351984e-01
-6.968072718875419902e-01
-4.545453244970399376e-01
1.000000000000000000e+00
2.365033061269056908e-02
3.740365358267022655e-01
2.167278286230978068e-01
-4.389192558421260437e-01
4.556489278105734231e-01
5.689734389795826353e-01
-9.348042474536776281e-01
-1.000000000000000000e+00
-6.051304583126633219e-01
-1.000000000000000000e+00
-1.000000000000000000e+00
-1.559506714764820057e-01
-4.596608854744087258e-02
5.967971547462069815e-01
-6.155901596256840858e-01
-9.934858368372463389e-01
-6.154238658674010543e-01
9.410929244535399807e-01
-9.486386769218968507e-01
-7.750605718833610824e-01
-9.884838303188352437e-01
1.000000000000000000e+00
-1.253418183023707888e-02
2.483755319677174445e-01
5.668307788437190187e-01
6.261179808767167732e-01
7.420798051614169166e-01
9.156194530328488623e-01
6.012459767111804076e-01
1.000000000000000000e+00
-4.011154444853532453e-01
3.711170144090181200e-01
-8.674639379321192889e-01
7.988615110368884054e-01
-1.000000000000000000e+00
4.392320574727164306e-01
7.831571320626482535e-01
8.010773659899363963e-01
1.000000000000000000e+00
7.771439035997294020e-01
-9.191938073517754715e-01
9.381511294749960150e-01
-4.910105833095479433e-02
7.702081876049965414e-01
6.845451233293784465e-01
1.000000000000000000e+00
-9.257564682587522409e-01
-1.000000000000000000e+00
-7.444596351391239430e-01
5.454543213138738356e-01
-9.177563572896381139e-01
9.607391718612917630e-01
-9.659673250663621813e-01
-9.432682968574710447e-01
3.418287833843269841e-01
-5.111004063434620992e-01
1.000000000000000000e+00
-1.000000000000000000e+00
-3.915409281592052704e-02
5.133248210302618908e-01
-9.848122666429794947e-01
-5.674010525151216289e-01
-1.000000000000000000e+00
-1.000000000000000000e+00
-3.611701649492586874e-01
-1.000000000000000000e+00
1.000000000000000000e+00
6.602174536030601670e-01
-1.000000000000000000e+00
9.122039663255741004e-01
-8.576419245521040846e-01
-1.532318682672949572e-01
-1.000000000000000000e+00
-7.068896773352253415e-01
3.573319531358791767e-01
-8.345608637462552659e-01
-7.041870938767997856e-01
-8.968458479147756179e-02
7.325226994671387715e-01
8.747527672542798616e-01
-9.008584905346888050e-01
-7.292459772154605835e-01
-9.624352256729423738e-02
1.000000000000000000e+00
-1.000000000000000000e+00
9.824247293421168870e-01
4.567265438873335803e-02
6.455612512687919358e-01
1.000000000000000000e+00
6.247778726353727663e-01
-2.931001608411498704e-01
8.135810029024563850e-01
3.802730112127576945e-01
-1.000000000000000000e+00
-3.128977560249102119e-02
1.000000000000000000e+00
4.104712078896934901e-01
2.134290783757661902e-01
-9.529879735879418501e-01
-8.862639482678720260e-01
9.272388243953973985e-01
-2.079071146821969140e-01
1.804499277999602747e-01
-1.000000000000000000e+00
-1.000000000000000000e+00
8.741011767650368469e-01
-1.000000000000000000e+00
-1.000000000000000000e+00
5.954964841089269711e-01
1.842682709757054726e-01
9.478674094910710668e-01
-1.493603791768240985e-01
-3.640730252314887672e-01
-6.982556256580368936e-01
2.296900732722369776e-01
1.000000000000000000e+00
-1.508840288222772497e-01
-2.268516117363145179e-01
4.114186901469992774e-01
-7.019346933792143250e-01
-1.000000000000000000e+00
-9.294399647401677678e-01
9.179421032160265392e-01
-1.000000000000000000e+00
2.489112661996651932e-01
9.538497811692872030e-01
-8.350823083480717335e-01
1.000000000000000000e+00
-2.673678495141460498e-01
1.032782849347766430e-01
-1.000000000000000000e+00
1.561224545204420444e-01
-1.000000000000000000e+00
-4.925335957765142325e-02
-1.000000000000000000e+00
8.934020773376225577e-01
7.174342131764260833e-01
3.747889906262525384e-01
-7.053306657746297725e-01
-1.000000000000000000e+00
-1.000000000000000000e+00
-6.295606269339271144e-02
9.291710398635024681e-01
8.746624074874804755e-01
-3.566332521123898314e-01
-4.925832264688094486e-02
1.384060746032522715e-01
-1.000000000000000000e+00
1.167834221714969534e-01
8.580482058428211545e-01
6.546846382859442537e-01
-1.000000000000000000e+00
1.200298705996868387e-01
1.000000000000000000e+00
8.330278683357728031e-01
4.067125905637705152e-01
-1.000000000000000000e+00
1.000000000000000000e+00
-4.248959574607846235e-01
7.577377212431372078e-01
-4.859641795804658937e-02
1.000000000000000000e+00
-5.397991200978502491e-01
7.602555643408510644e-01
-8.420528978198553727e-01
-8.579851268886282689e-01
-1.364717833801830649e-01
-2.292450741638351053e-01
2.712494117103442792e-01
-7.075781854577383179e-01
6.168437235185095791e-01
1.171925647410725357e-01
6.886931534086500051e-01
7.102080072513496933e-01
1.000000000000000000e+00
6.052348933517239793e-01
9.061571578470524191e-01
4.017834200943472545e-01
-3.940415076775538594e-02
-1.053210995881196932e-01
-9.810325356083127168e-01
1.221773284616785027e-01
3.191694869905856713e-01
1.000000000000000000e+00
-4.658110003789776021e-01
-1.257672574712053182e-01
-6.722601715254405974e-03
-6.285128939380143498e-01
3.633279736537713411e-01
7.794836300812804097e-01
5.209492555450812024e-02
-1.000000000000000000e+00
-4.371401021972201040e-01
1.000000000000000000e+00
-6.978064572341461380e-01
3.261168975456141261e-01
1.000000000000000000e+00
1.000000000000000000e+00
-2.879319119090632539e-01
-7.164147165650791571e-01
1.000000000000000000e+00
-8.842955173016299186e-01
1.935379625705553330e-01
-2.762427478868656472e-02
9.597826715014721177e-01
-6.713333336037370369e-01
4.016816480443258230e-02
1.425894856986837933e-01
-1.450496446450086907e-01
-7.734833766556368229e-01
-3.993726127330367026e-01
7.227304699736429860e-01
-9.635608128819079798e-01
-4.739507671422192314e-01
-1.734599866332759976e-01
-4.084712347317196457e-01
-1.000000000000000000e+00
8.462682319424207344e-01
7.013560877754778655e-01
-4.522156277526420132e-01
2.286094015377470590e-01
-5.764097986790617245e-01
6.359870446502354779e-01
-3.331953608116047794e-01
-9.836371147731606257e-01
-9.605895242893613961e-01
6.468253744275818118e-01
-6.528750953319253370e-01
4.921085286377042678e-01
-1.072426811870503816e-01
-9.887908530395216333e-01
5.890580055785071822e-01
-7.863538089045156720e-01
1.312192101545264222e-01
1.628382782511154647e-01
3.632776853234533920e-01
3.724473188969548709e-02
-7.414623971408265124e-01
1.000000000000000000e+00
1.557318670861884691e-01
-1.000000000000000000e+00
8.425690707479898123e-01
9.723299996018384128e-01
6.678050145431826401e-01
-7.125255971464926619e-01
1.000000000000000000e+00
9.192008005443061958e-01
-1.000000000000000000e+00
1.000000000000000000e+00
-6.854176634418913672e-01
3.682302454340589670e-01
1.965093930374415820e-01
-2.521900480034004466e-01
-7.445396124957692763e-02
1.000000000000000000e+00
-6.375023805424175904e-01
-4.324040619686456699e-01
-8.028667651630541080e-01
-5.020109086015829281e-01
-9.092113599216735675e-01
3.438406736809889730e-01
-3.144768461447923213e-01
-1.000000000000000000e+00
-1.551000495032036075e-01
1.000000000000000000e+00
-7.029073120115548745e-01
7.100071538926735482e-01
5.403823286471272080e-01
6.472889719226542216e-01
1.000000000000000000e+00
9.812217283194213380e-02
-5.459618536473875849e-02
8.039790691629720154e-01
-2.247157211325230275e-01
1.000000000000000000e+00
3.958859249757020748e-01
8.934513486291200124e-01
1.000000000000000000e+00
1.000000000000000000e+00
-1.456890586791980968e-01
9.792579253532979200e-02
-2.793676948127876702e-01
-1.418575283659664343e-01
8.286792197808767746e-02
4.196684958014851308e-01
1.000000000000000000e+00
8.427493983059308746e-01
-4.518348071971727276e-01
-2.169778466650189586e-01
7.734994418621561341e-01
2.316499565853438192e-01
6.350201395179977393e-01
7.019502037056535304e-01
-8.642647489401098504e-01
-7.113585327835524330e-01
-8.002156389454779806e-01
2.112263848311703718e-01
2.124708230282148502e-01
1.000000000000000000e+00
-1.000000000000000000e+00
-9.221000187415995253e-01
-8.974882924989882049e-01
4.831578718958364771e-01
3.942532229095393470e-01
-1.000000000000000000e+00
-4.869290637903304630e-01
8.899289612509289071e-01
6.429635172425250955e-01
1.000000000000000000e+00
-1.000000000000000000e+00
1.000000000000000000e+00
8.627882081160205274e-01
1.000000000000000000e+00
-4.645759245051221953e-01
5.726706154715590635e-01
2.829888944263045936e-01
-8.680046165499839539e-01
-2.943355303323804684e-01
9.343850546475900298e-01
-1.905916657783602863e-01
2.383609690807193537e-01
1.000000000000000000e+00
3.102428300841698072e-01
-7.246070938331211631e-01
1.000000000000000000e+00
1.924111865673241439e-01
4.927336587926800515e-01
-5.746761056603237883e-01
-9.953741388469565798e-01
-1.000000000000000000e+00
5.884062142269395057e-01
7.153654529170239140e-01
-1.295469212241273649e-01
-1.000000000000000000e+00
-3.903353393802852511e-02
4.179206257138968206e-01
1.000000000000000000e+00
1.000000000000000000e+00
8.265503000591603033e-01
1.000000000000000000e+00
-2.120755872572204215e-01
-2.671967471882530365e-01
-2.274553267044696903e-01
3.818209901165404707e-01
-3.737662767119931395e-02
-2.122920962826011504e-01
-1.000000000000000000e+00
-1.000000000000000000e+00
5.438216357941290102e-01
-3.674704401867500136e-01
1.000000000000000000e+00
6.779516713274674755e-02
-8.805979088951033651e-01
7.184068774821440462e-01
5.424729186612846643e-01
7.135267342832063431e-02
9.143046284758834519e-01
-1.000000000000000000e+00
8.913618699916215915e-01
6.758867974340116991e-01
-3.327689953660595279e-01
6.622236917131251177e-01
8.277206578734432885e-01
1.000000000000000000e+00
1.132392016949912428e-01
-2.162212310910796853e-01
-2.911300227164664856e-01
-6.013014698984736617e-01
9.245223048091077978e-01
-8.249079142326902758e-01
-1.000000000000000000e+00
4.519071347724680221e-01
5.594447044892236764e-01
-7.033250225327944971e-01
1.928117197438718178e-02
-1.000000000000000000e+00
6.541794408857849463e-01
-1.000000000000000000e+00
-8.167833691933101825e-02
3.155050452484157164e-01
4.076515497590350590e-01
-1.000000000000000000e+00
1.709069759336133143e-01
-9.602736809374905480e-01
-9.128637478574443964e-01
-1.548266161871469926e-01
1.000000000000000000e+00
7.204960106927480457e-01
-3.553622819711160785e-01
1.000000000000000000e+00
-1.000000000000000000e+00
-1.000000000000000000e+00
3.732674935542579786e-01
-1.009536262115893201e-01
-1.000000000000000000e+00
-4.826725975662325974e-01
-4.880885643799350304e-01
-6.275181092247272829e-02
6.237175875461706820e-01
1.000000000000000000e+00
1.480262895274074841e-01
7.870642423321405623e-01
-2.695800261420744359e-01
4.759046858222526488e-02
3.658458974280386355e-01
5.700902143704842384e-01
8.877028015366510427e-01
5.995207023125312951e-01
1.637291425277631052e-01
-9.649493514061786570e-01
6.004606605331161973e-01
6.437129254372133680e-01
9.252444906946188929e-02
1.000000000000000000e+00
-2.896791207913385069e-01
2.191195691598902817e-01
1.000000000000000000e+00
1.000000000000000000e+00
-1.000000000000000000e+00
-4.215789127518005941e-01
-7.715188717597185608e-01
-2.033580866022413058e-01
9.989711176605473031e-02
-3.857171882485305736e-01
5.990070034001127031e-02
-3.155845927798079931e-01
1.000000000000000000e+00
-6.334294630617254285e-01
-9.919995586291449619e-02
5.930720956083809225e-01
-6.575355393918227431e-01
3.006403579817779059e-02
1.000000000000000000e+00
3.393951524759096783e-01
5.740525272697213355e-01
4.064824912566131765e-01
2.428024863008781953e-01
-6.508252300630763543e-01
1.000000000000000000e+00
6.550730660658651283e-01
-2.214192813944869664e-01
-4.530686672566558437e-01
-2.465369033045179403e-01
-8.805484376851084871e-01
1.544480294938996856e-01
-2.616545341972659200e-01
2.441346251503979659e-01
1.000000000000000000e+00
-4.671219358789489018e-01
-8.097465804126054989e-01
7.028521664547157100e-01
-6.845942390879501405e-01
8.775296770581049177e-01
-3.668858976474450584e-01
1.000000000000000000e+00
-2.033610115363198023e-01
3.438504058289151843e-01
-1.694197776510164566e-02
5.184721131537828320e-01
1.000000000000000000e+00
4.818580136520063117e-01
1.638079588420557897e-01
6.043493338695207218e-01
8.626834257864643973e-01
-6.080257727447770932e-01
-1.000000000000000000e+00
1.938462753006722217e-01
2.761513975099623708e-01
4.581608953881284862e-01
-7.888059272125946819e-01
4.638901014836567249e-01
-4.186434653971177200e-01
8.035826850635284790e-01
6.927575434296140422e-02
-5.835595094940604355e-01
5.188012015617536887e-01
6.045378354463831760e-01
-9.617797343800418286e-01
-6.550634295666415419e-01
6.211454392858128948e-01
1.181884801766885928e-02
1.848934313744408087e-01
2.969189563330709158e-01
4.141248261228416272e-01
-5.044524813422699427e-01
6.664795301060477684e-02
7.159185956963054487e-01
-5.809065496266682116e-01
-6.577764240903749560e-01
-1.000000000000000000e+00
-3.432941642015330252e-02
1.000000000000000000e+00
-2.858890176155938212e-01
-1.000000000000000000e+00
8.469517291472375975e-01
4.482816525689398146e-01
1.851906955257416332e-01
3.117749064824164584e-01
2.599848785866916145e-01
4.793901862113641443e-01
7.760346972503292529e-01
-1.000000000000000000e+00
1.000000000000000000e+00
-5.123446814099812396e-01
1.000000000000000000e+00
2.811405021944679561e-02
7.973385305802016543e-01
-4.431820347480738276e-01
-1.526096387319226810e-01
4.904279602683784267e-01
2.935674321748987792e-01
1.935877711286841385e-01
4.202880588896045211e-01
-2.033513463804721422e-01
8.366696652147651569e-01
-7.201715505144010709e-01
-9.089902545588137706e-01
6.960502819185192536e-01
9.283296155519358273e-01
-6.287242775673556050e-01
1.000000000000000000e+00
-7.145306112844040936e-01
1.000000000000000000e+00
5.022872645853629914e-01
-1.848620121015294160e-01
-2.661956717327962352e-01
6.183214010208317735e-01
3.226180190620104304e-01
4.756396981015799108e-01
-8.642550757069389356e-01
4.913605704750350078e-01
7.765257583492302107e-01
-2.734377527028257759e-01
-1.000000000000000000e+00
3.536525624129809309e-01
1.000000000000000000e+00
1.000000000000000000e+00
1.955654921030284266e-01
4.119174224603895373e-01
-5.549076692837442426e-01
1.000000000000000000e+00
6.248068963362809480e-01
-6.122065921050430237e-01
1.000000000000000000e+00
-6.809215822819680852e-03
-6.956233590975928749e-01
1.282865317334602739e-01
4.118658123806624993e-01
8.787741828954965806e-01
-4.041491535227486054e-01
2.996082230821260906e-01
-6.969527080452135870e-01
-1.000000000000000000e+00
7.799291568028355881e-01
1.947851857135709241e-01
-4.885315017451897224e-01
6.154821475288158039e-02
3.502865163486390543e-02
-2.285643994745302499e-01
-5.248038507945954612e-01
5.296054680983843799e-01
-2.217890272368401861e-01
-1.000000000000000000e+00
-1.151930547623483125e-01
1.000000000000000000e+00
6.526702093334436627e-01
1.136669702519852443e-01
2.401652009085391420e-02
7.378054941176983572e-01
-5.688239845478386680e-01
-7.413566838579145613e-02
3.813931289634114874e-02
1.000000000000000000e+00
2.821598502843467582e-01
-7.995856392996267825e-01
1.000000000000000000e+00
1.000000000000000000e+00
7.706874645860951611e-01
9.891697936593648599e-01
7.985829101925687734e-01
-3.826600713843030799e-01
1.501235663350946048e-01
-5.641442824134963452e-01
-8.269818603850453975e-01
-1.000000000000000000e+00
7.599661386483358427e-01
1.000000000000000000e+00
-9.136142326253752222e-01
-4.016335631997599576e-01
2.602642930430372203e-01
-8.166378460117403870e-01
-1.000000000000000000e+00
-2.469207054245086130e-01
-8.650368442616844789e-01
-3.113330521240222082e-03
9.107244917832527098e-02
7.846541341145463200e-01
-9.102398400355908858e-01
-5.556597814496009313e-01
-7.436266055772782213e-01
-6.812204643226373868e-01
-1.348822375963018572e-02
-2.175101130699135243e-01
1.000000000000000000e+00
5.814367742180646115e-01
6.219693611252631316e-01
-4.465371121987184999e-01
-9.597662333165629667e-01
6.070413208044751485e-01
