
1 89.350924 20.197695 33.818138
2 89.530924 47.693173 36.583282
3 90.84704 64.94806 31.750176
4 90.84704 77.81218 22.359759
5 90.84704 76.594901 23.87494
6 90.84704 81.323173 17.556036
7 90.84704 80.580131 19.83453
8 91.955214 80.369059 19.472166
9 91.955214 81.581487 18.279033
10 91.955214 78.847265 21.524553
11 91.955214 80.762108 18.961339
12 91.955214 81.934169 17.899427
13 91.955214 68.222941 36.509771
14 91.955214 84.717457 13.666985
15 91.955214 81.992647 18.046721
16 91.955214 80.908497 21.10008
17 91.955214 81.568084 19.837048
18 91.955214 67.834821 36.866455
19 91.955214 83.640157 16.75688
20 91.955214 81.085634 19.476002
21 91.955214 80.774691 18.508973
22 91.955214 82.452881 16.847315
23 91.955214 68.059044 36.873321
24 91.955214 81.110383 19.980537
25 91.955214 84.790328 12.550317
26 92.732828 80.581905 20.465885
27 92.732828 81.677042 19.005449
28 92.732828 83.416758 14.895578
29 92.732828 81.335912 18.315606