-4.067125346285305199e-01
8.127209702777166145e-03
8.314838550133749617e-01
-1.078520391583455140e-01
7.904277564359234454e-01
9.676742797166428822e-01
-2.905303792628952664e-01
3.533070556791084726e-02
-2.056691393509698651e-01
8.789759081748478309e-01
-9.726044084130327505e-01
-9.120262182143499263e-01
7.783006174850859438e-02
1.052098011374160702e-01
6.443002086888922619e-01
-9.192233103558784535e-01
-1.000000000000000000e+00
-4.433561078156673663e-01
-1.157491490632689413e-01
-3.433932845868681305e-01
-3.352001441071834620e-01
-1.877372835594507405e-01
-1.000000000000000000e+00
-1.000000000000000000e+00
8.384064126801202832e-01
-3.381417552421548955e-01
8.572363195835304150e-01
-2.053319430680338731e-01
5.121964057169692275e-02
-6.424576731474048730e-01
3.980920753693623637e-01
-4.531537869510586791e-01
-7.756260047990348738e-03
1.000000000000000000e+00
-1.000000000000000000e+00
7.229058862527300011e-01
8.209101611874463078e-01
-2.042371035517032141e-01
-1.905227433207032917e-01
-7.011738381048420177e-01
-2.573866235871811181e-01
3.415128022896487536e-01
4.195100979363076688e-01
5.453553173698287848e-01
-9.999513763777254649e-01
5.175663458993147170e-01
1.669125138791933693e-01
-5.765833676191349788e-01
2.871854214923152959e-01
-5.347185543815762276e-01
-6.711468601036587600e-01
-8.933694685364530486e-01
-6.905635546787776136e-01
-8.699526398165242647e-01
3.287446039194168446e-01
1.000000000000000000e+00
-3.179630052177138122e-01
1.374478269269295283e-01
-7.711176208111848451e-01
-6.111442033641643068e-01
-6.276588166105956379e-01
-4.547135627911473854e-01
1.000000000000000000e+00
-8.640207904760841551e-01
1.000000000000000000e+00
-2.927747883215983116e-01
7.816842531318026754e-01
-4.109269916047315618e-01
-8.414469887247979507e-01
-3.393398657718804667e-01
6.159994656647806988e-01
-8.738831107579607682e-01
8.885419443621693780e-01
-3.335873243989806447e-01
-6.334202224125737857e-01
-2.195686188612615553e-01
3.993230838197991961e-01
-1.088946235152248310e-01
6.878223114052459675e-01
-6.254330368170807342e-01
9.612437525866940335e-02
1.000000000000000000e+00
-9.477858252286424090e-01
-1.000000000000000000e+00
8.644969109469520241e-01
1.000000000000000000e+00
3.294568546934028563e-01
-9.285679952003680349e-01
-7.941147807059942831e-01
5.223452234990481891e-02
-7.772803278254292181e-01
7.321935564632884308e-01
5.872522346826682949e-01
-6.156711870819218113e-01
-5.367346913446557899e-01
-2.292021840077309580e-01
4.211196806022967642e-01
-2.656031531739595497e-01
3.176473746916341767e-01
2.340487462390881124e-01
-7.246236289515672890e-01
-6.271037997477590942e-01
-8.007240199817162729e-01
7.164590131150418983e-01
1.000000000000000000e+00
-6.688398389966181412e-01
4.112887291008466839e-01
2.844028791042989557e-01
-7.712889341574362678e-01
6.537187746925887666e-01
3.177178224209098456e-01
-2.535697926804565405e-01
7.123312457820667465e-01
7.312848852471518502e-01
3.125499899619710309e-01
-4.845674116653488905e-01
-1.000000000000000000e+00
-1.254547135624939358e-02
-3.187054025425375414e-01
5.021811314766806422e-01
-6.334078505255440472e-01
-9.865926297459333139e-01
-5.157854151231577866e-01
3.380828478763464595e-02
-1.000000000000000000e+00
-8.334274660912270871e-01
-9.602568456889235549e-01
-9.870044564958198041e-01
1.000000000000000000e+00
5.943312019722506445e-01
-3.132882532005443199e-01
-9.113190288493846491e-01
-3.523321593835526677e-01
-9.290719647682259552e-01
-7.836591080447936619e-01
-1.000000000000000000e+00
-1.604872993852257679e-03
1.788893232807686751e-02
-1.287030859173733388e-01
-8.808261642181258733e-01
4.708400107312087357e-01
-7.437683607675831254e-01
7.941958699195957871e-01
-8.713157675924967371e-01
9.745727800061554369e-01
6.224686244145538616e-01
6.486565635501406746e-02
7.815921114868911168e-01
1.289400358229382260e-01
6.117204346125550973e-01
-1.000000000000000000e+00
1.000000000000000000e+00
1.180244537595127596e-01
8.949306135718175792e-01
7.999847157854693691e-01
-3.762352232781756567e-01
1.000000000000000000e+00
-1.210198378293219079e-01
1.000000000000000000e+00
-1.930994882992425055e-01
-8.150046039782532503e-01
4.644441167888221922e-01
-5.795078849331209980e-01
-1.000000000000000000e+00
5.392112016849280876e-01
-5.130310464434506557e-02
1.000000000000000000e+00
2.354917773292720118e-01
-3.958496081709017567e-01
-6.032739403311579984e-01
1.835392690867363452e-01
3.036789109085193950e-01
-2.186038522465365563e-01
-1.000000000000000000e+00
-2.842647492065752957e-01
-6.998778363594555518e-01
2.736512916712974808e-01
-6.261132913641208608e-01
-5.673346888381044506e-01
-7.983089100079385769e-01
1.000000000000000000e+00
-1.000000000000000000e+00
6.741221481915278257e-01
-5.775444336283452884e-02
-1.000000000000000000e+00
-7.469807466630311588e-01
5.850557625694781105e-01
-9.462615764654203065e-01
2.363472833333133405e-01
-8.073865300681177803e-01
-8.289278032386779849e-01
-6.736423384219176747e-01
9.705257569107599291e-01
7.503679115743224770e-01
-8.286423919236356461e-01
-7.752818069069296048e-01
9.433433794625623037e-01
2.249020132166453800e-01
-2.738122529684401396e-01
-9.239777035027898489e-01
1.940513937638876918e-02
-4.044694798293790861e-01
-4.350996180771171673e-01
5.910175766793714924e-01
9.208483621252239182e-02
-8.591059771094828879e-01
1.000000000000000000e+00
1.000000000000000000e+00
-7.212475166539626947e-01
-4.648033741378683192e-01
8.640876558351396897e-01
-8.872788839362690805e-01
-1.654119653771074505e-03
5.110871866895627669e-02
-1.000000000000000000e+00
6.588254153307180339e-01
-6.284737960917337052e-01
9.514929764003225987e-01
7.718966239748457081e-01
5.235415065181359129e-01
-3.920006250522900526e-01
-5.105411937857717852e-02
4.820587110328669045e-01
-2.983812689998068812e-01
8.573211932695310455e-01
-4.186257035183256203e-01
7.045895806705453346e-01
1.317300132305465610e-01
8.044066248436185784e-01
1.000000000000000000e+00
-3.336156794379703250e-01
6.898466633998994180e-01
-3.218092339393117118e-01
-9.172008532866327002e-01
-1.000000000000000000e+00
-9.548740381765932206e-01
1.846392968498866693e-03
-1.000000000000000000e+00
4.569329306415116365e-01
5.519821997399412261e-01
-4.423463701713359342e-02
6.345770240003933971e-01
2.431200763233087869e-02
-5.385515907597797636e-01
1.000000000000000000e+00
6.436305064481078198e-01
5.014546491891787028e-01
-9.239125860735919460e-02
-7.975550383192353543e-02
-1.000000000000000000e+00
1.000000000000000000e+00
-7.765264827877309539e-01
-7.090553122926095408e-01
-1.182539742525749449e-01
2.835213286659077347e-01
-9.228951665604578913e-02
-5.331688044498683610e-04
1.865786878008675043e-01
-9.999365270533828731e-01
1.618290787738732028e-01
5.903657028624753611e-01
-1.000000000000000000e+00
9.894366492164663462e-01
-1.885992641284492954e-01
1.000000000000000000e+00
-1.245522570000391349e-01
-3.674714386712416569e-01
3.286944981572359481e-02
1.000000000000000000e+00
-4.059782267105969122e-01
-6.799066405158489257e-01
-4.545640038908009828e-01
1.860974814271776356e-01
-1.000000000000000000e+00
-6.752084938673517112e-01
7.471720322527963809e-01
3.972666793951533659e-01
-6.738713529580362405e-01
6.904151409662584449e-01
2.465580044810260496e-01
1.000000000000000000e+00
9.351082297778527952e-01
3.912630150930123119e-01
5.373945063280769485e-01
1.000000000000000000e+00
-6.122244713559601426e-01
-4.315593306245135707e-02
-9.348337049370991636e-01
1.000000000000000000e+00
-1.907642500440003275e-01
-9.255506845503373992e-01
-2.046230254442638063e-02
1.898415084951319276e-01
-3.112766136124369698e-01
-4.053936245275608918e-01
-5.325031812637446293e-01
-7.189581432303966402e-01
2.909127645531912609e-01
9.898101163040511352e-01
-5.045161680840259955e-01
3.438800080294694972e-01
-4.794953762182436741e-01
7.743320951186978274e-01
1.000000000000000000e+00
-1.000000000000000000e+00
-7.520569613385652552e-03
-3.042236688694033298e-02
-6.620403750287955358e-01
6.163367678734026356e-01
-8.961245341885508697e-01
5.518583096829481338e-01
-1.000000000000000000e+00
3.819640948171634243e-01
-7.420743439023502752e-02
-3.372531599264801394e-01
-5.836762812235531950e-01
4.732106037634942197e-02
6.140187595132895471e-01
-6.921430904802287065e-01
-2.048399418524546878e-01
-8.234523774057869172e-01
-1.000000000000000000e+00
-9.534602668096485711e-01
-6.333989222728941826e-01
-7.499894026942708347e-01
-1.796008115699092578e-01
6.454360052205545539e-01
-1.735712210651113585e-01
-5.803855362199286105e-01
4.646264014643135543e-01
9.922589329407336400e-01
5.538313900272262558e-01
-7.280010342356421082e-01
-3.783365722519360652e-02
4.362673626417246098e-01
8.671954997562175693e-01
-5.770408903142421053e-02
8.836339605837717492e-02
6.043378517330892929e-01
-2.288063961501286547e-01
-1.000000000000000000e+00
-8.539277488780558922e-01
1.062712170320901928e-01
1.000000000000000000e+00
7.312565607014505087e-01
2.631667216942190635e-02
1.000000000000000000e+00
1.545460028092000559e-01
5.229729620636414111e-02
1.000000000000000000e+00
-7.802249147126911755e-01
-2.640923293865831134e-01
2.086576619723436998e-01
3.121907588309177362e-01
1.000000000000000000e+00
-8.084139678603101675e-01
-3.053904594020404595e-01
-7.911395581255038501e-01
-7.963023275097347309e-01
7.418311730892039879e-01
3.419790573813976664e-01
-2.853067511513094345e-01
-9.238656809175982421e-01
1.056203951957429554e-01
-3.631799692554451564e-01
4.597919027897587885e-01
7.716628307930810671e-01
8.714395571350876946e-01
5.905820167563358147e-01
-7.129614350438886472e-01
9.893966506641169723e-01
5.098614039840925205e-01
1.000000000000000000e+00
1.000000000000000000e+00
3.043478608031819910e-01
-7.156856527919241984e-02
1.000000000000000000e+00
-9.676782753423236461e-01
1.445826226857671593e-02
-3.520734288232834075e-01
3.224279049831779709e-02
-3.355651065439657632e-01
-3.238809579608123990e-01
4.400380826068928108e-02
-7.555100743580205336e-01
3.916650316120610098e-01
-1.000000000000000000e+00
6.936565200609763338e-01
-1.000000000000000000e+00
-5.097896167424772473e-01
4.897536605319703362e-01
8.747826783092955694e-01
2.335737508496935622e-01
-6.398603512122746917e-01
-1.000000000000000000e+00
-7.431398641728153009e-01
9.439362105161643868e-01
8.154989847499061195e-01
-9.944736315962934281e-01
-4.267126520624657804e-01
5.875057933361982343e-01
3.411267323146063291e-01
1.000000000000000000e+00
8.434807437851599143e-01
-8.998449215007466861e-01
2.462077247223093401e-02
-2.402275696940814331e-01
-1.364557460141186951e-01
9.395225840605943013e-01
2.335190089063166052e-01
-3.774843509741874215e-01
6.379554198928438780e-01
-1.479996289398930465e-01
1.000000000000000000e+00
-1.706371339165448919e-01
-1.000000000000000000e+00
-1.000000000000000000e+00
1.000000000000000000e+00
-1.000000000000000000e+00
1.000000000000000000e+00
3.902362967555041973e-01
1.830909946482894846e-02
-9.973712492568209687e-01
-5.601803197868371331e-01
-1.242720430962953593e-01
4.625787375844014893e-01
-4.997559140672140909e-01
-2.156087783322864215e-01
-7.113838480946335086e-01
-9.022608702814263193e-01
-3.509689032195473235e-02
3.252163246759838255e-01
-8.688201293856832041e-01
-3.381977882691702408e-01
6.861091123016946902e-01
-7.958804094348856939e-01
-1.012748808314325455e-01
1.611613935129367903e-01
-9.879876720043641036e-01
4.043974921730537631e-01
-8.214041818909931791e-01
-1.000000000000000000e+00
1.354457722880506587e-01
3.132147497133299652e-01
4.634033384633267083e-01
-6.872074156082772500e-01
-7.018294654578569602e-01
-3.213994267792439352e-01
1.803517354405589357e-01
3.429139410619661543e-01
-6.111300432224529011e-01
-5.143874660594733861e-01
9.244516332017636007e-01
-1.000000000000000000e+00
1.000000000000000000e+00
-5.292816071755277463e-01
1.000000000000000000e+00
8.279025134264217378e-02
8.977719622690372159e-01
4.910728191365896222e-01
-6.307355394970812767e-01
-4.119525972963797855e-01
-1.000000000000000000e+00
5.189377670101313900e-01
-2.120591849816244601e-01
-5.272764531456131110e-01
8.105857747199949337e-01
1.000000000000000000e+00
1.017931996606089573e-01
1.000000000000000000e+00
-7.026166450093749294e-01
-9.400464000691299837e-02
6.527865163942481175e-01
-4.345485195909040144e-01
-9.952446052389498643e-01
5.582229390974184913e-01
2.691416541846087251e-01
9.945434657338076967e-01
-9.204011683945090283e-01
4.409777293480432458e-01
-5.504964643491255805e-01
-3.034052253610648453e-01
5.632794405867036502e-01
-9.007524362242191884e-01
-6.102200372350339297e-01
5.687891103681885774e-01
-1.000000000000000000e+00
8.422317798213851958e-02
1.000000000000000000e+00
-9.036115105597268826e-01
3.444333013792126863e-01
3.794017083013008218e-01
-7.474871660021487063e-01
6.243647425886962310e-01
-7.409537607269209847e-01
7.317294385951722546e-02
-4.878859181935994993e-01
-9.625567926845768341e-03
8.664740073847753132e-01
-3.223438682209840422e-01
1.000000000000000000e+00
1.000000000000000000e+00
-1.809817591474893739e-01
7.104193180725366652e-01
-4.235743002553249426e-01
8.519987897900380691e-01
-5.896998517695450914e-02
9.434172813913752620e-01
1.000000000000000000e+00
-7.497422605602550583e-01
-7.670891736710225839e-01
-1.000000000000000000e+00
-9.492942950075815567e-01
3.841589484146419320e-01
1.385278610367652874e-01
-8.324752984650563015e-01
-4.823230755107821288e-01
-4.764471320257370746e-01
4.763752195861748612e-02
5.600010134709942911e-02
6.721648545728273749e-01
-9.889184812738791575e-01
4.634479323920045468e-01
3.697937190588864720e-01
2.462763175302533636e-01
6.909016469642379477e-01
-8.853247700760151773e-01
-8.288307694603451736e-01
4.746568447999170992e-01
3.191059787954233506e-01
2.748958581470151152e-02
-1.000000000000000000e+00
-4.861780699785562820e-01
6.349867932701973583e-01
7.782625431250123071e-01
3.051061157272076940e-01
3.847091352728873037e-01
5.080148145156244688e-01
4.154232172103651255e-01
1.000000000000000000e+00
-6.922721472396176079e-01
-1.000000000000000000e+00
2.275108411861088697e-01
4.169288293790380795e-01
-9.743224441642088784e-01
-5.279561029267378913e-01
5.497079156830175783e-02
1.733740090590307759e-02
1.000000000000000000e+00
1.580452692009441940e-01
3.019365628181772676e-01
1.000000000000000000e+00
-5.525301415705434760e-01
4.478454711147143996e-01
5.920244566373340511e-01
9.911912520134589233e-01
9.007986170894163314e-01
-9.649791207147782046e-01
1.418934891457026559e-01
7.410956057397373176e-01
-8.200594664111116039e-02
7.944229211898756748e-01
-1.843972468706364110e-01
-1.000000000000000000e+00
-9.475289800842836563e-01
5.386224719597692001e-01
-6.626143941894181433e-01
4.016235619209287400e-01
1.000000000000000000e+00
-3.373202714990313211e-01
4.718918498959761010e-01
-3.646203706170147996e-02
-2.841120824236905706e-01
4.468029175048124912e-01
4.058812023698417093e-01
1.000000000000000000e+00
-4.906390277953885937e-01
-1.202460704331811403e-01
-2.048393864576174006e-01
6.794923943179811410e-01
-1.000000000000000000e+00
6.826861773589607552e-01
9.630100073895366819e-01
-4.637838157386331428e-01
4.882354996776923084e-01
5.970824645286758603e-01
-2.876355846031972696e-01
-9.151801391685785436e-01
4.938990742468474249e-01
-1.000000000000000000e+00
-1.504391740451826998e-01
8.479368663987780774e-01
6.417388417527047917e-01
1.000000000000000000e+00
-1.227270154532731361e-01
4.049387721378641114e-01
-5.348514992068897911e-01
-7.690410052857006296e-01
6.078436101957025439e-01
1.000000000000000000e+00
4.364542737997296751e-01
7.741578078522921569e-01
1.000000000000000000e+00
-4.391275725364012228e-01
2.643133320443482592e-01
6.746289254786241862e-01
9.441193055192438344e-01
4.637082888407229042e-02
7.964347437716656763e-01
3.214331605460389873e-01
1.000000000000000000e+00
-7.143155612602817284e-01
7.968639184916379570e-01
9.882248703707567916e-01
-1.139838419689927496e-01
-5.836232604962959813e-02
3.278318603086520788e-01
4.091232767296428818e-01
-9.086236144450454688e-01
8.340248003032761925e-01
4.422546563744325088e-01
-9.364879113067596794e-01
6.524123217651159878e-01
5.830228835860977732e-01
1.000000000000000000e+00
5.315086314188690597e-01
-3.155384494859301281e-01
3.656322020110300830e-01
-8.276717342777684117e-03
-9.934411089540617912e-01
2.574526819503921704e-01
5.505637512344407902e-01
1.000000000000000000e+00
1.888837245682188914e-01
4.023218918442154068e-01
1.000000000000000000e+00
-2.801082953235607409e-01
-4.291915929423328890e-01
-6.400102921249928301e-02
-2.984907419018716368e-01
3.381906230120104162e-01
-1.000000000000000000e+00
8.337675855639323785e-01
-8.803269226263528147e-01
5.499330234061872158e-01
-3.469995463962982640e-01
-6.221151023850457484e-02
-7.962196285862774836e-01
-8.460360627171725767e-01
-9.548037159967892595e-01
-1.663100391072726003e-01
3.417071787269785332e-01
1.314577101415692340e-01
-4.291218842386168575e-01
-2.068946153707800217e-01
1.177701529404984182e-01
5.402407593218745419e-01
1.885732212441451061e-01
8.532308639486463342e-01
-7.667063313878010877e-01
-5.969579718936650625e-01
8.795608231866312021e-01
5.169885791925363794e-01
1.118627045686095833e-01
8.743428021490189384e-01
2.698836934121346953e-01
-5.610664082404355213e-01
-2.830665044638909222e-01
1.000000000000000000e+00
-3.307646529238451039e-01
-6.710946221379410215e-01
-6.710767296115183189e-01
-4.492957931565950691e-01
7.500589257613667904e-01
1.557247396033656361e-01
4.196632018586072821e-01
1.348697511293648343e-01
8.305571096627912819e-01
-2.684192064624837393e-01
-7.084352302859227013e-01
-7.212080834977707688e-01
-3.799376718376075157e-01
4.687612178743127966e-01
-1.000000000000000000e+00
1.000000000000000000e+00
-4.780178792612179706e-01
1.770959591464682514e-01
3.571993667132227213e-01
3.891602052729974393e-01
-3.320955072108355832e-01
5.993661383512056684e-01
-8.783068051608653448e-01
-2.496707703792371280e-01
-8.373836453737482088e-02
-9.256453092404699490e-01
-3.843916058857490547e-01
-8.943450195736764030e-01
9.029992811501021954e-01
8.120625459680785863e-01
-1.000000000000000000e+00
-4.027679912943769036e-01
-9.966816610524749098e-01
-1.000000000000000000e+00
-8.504367462915096709e-02
-1.000000000000000000e+00
8.275076407206669593e-01
1.784964946953326859e-02
-8.618953128043173040e-01
1.000000000000000000e+00
-2.149953463471021564e-02
-1.000000000000000000e+00
-6.667060579141261822e-01
8.148736939444785055e-01
-7.936365035978649729e-01
-7.776869210244810038e-01
7.270130873879223632e-01
-4.314480235637041527e-01
1.380960522769376642e-01
-4.103273532142588387e-01
-5.582721690412228988e-02
-4.974158069771976720e-01
1.000000000000000000e+00
-1.000000000000000000e+00
2.128636059600892416e-01
6.401299686669106315e-01
-1.000000000000000000e+00
9.394796537690184302e-01
-2.623871941658990625e-01
1.000000000000000000e+00
4.605475988108651553e-01
1.189875054088687101e-01
4.901331239695965181e-01
2.813057151370752518e-01
-6.992215356711897201e-01
2.153772905299833340e-03
7.653376021824193076e-01
-9.137850584775781826e-01
2.180379541805026467e-01
9.409381223253896476e-01
-3.241280567582254246e-01
-2.612962730810064471e-01
7.158727880862980619e-01
-3.264148554062031860e-01
7.631308459922099274e-01
3.573773755301350441e-01
7.937000727193568306e-01
-1.000000000000000000e+00
-1.000000000000000000e+00
2.212677130486966348e-01
1.000000000000000000e+00
-7.793258962148794655e-01
1.769519048547967266e-01
3.017177924135824307e-01
-6.246454300922859026e-01
5.854666632969289797e-01
7.642056270587276323e-01
7.245279936872406346e-01
6.340239904748035116e-02
-3.406049909897910233e-01
1.063955086885020052e-01
-9.857187173490602472e-01
3.367665674725930369e-01
-7.708261592116911753e-01
5.854324744095991129e-01
3.155520566342218114e-01
6.553680895713375198e-01
-8.224927941233358686e-01
-1.000000000000000000e+00
-6.573249940346161946e-01
-3.782550586146919969e-01
5.419972544990989682e-01
-4.262485685043897465e-01
1.000000000000000000e+00
-9.454823947440282872e-01
-4.111065177813355009e-01
7.015659145193937629e-01
1.233271241580857769e-02
1.502294290882000283e-03
6.157183520958118272e-01
-6.973023571368253126e-01
-6.683784917746837806e-01
-1.000000000000000000e+00
-8.129094429651515519e-01
7.417126577277348698e-01
-1.990379705109792674e-01
-1.970880878879139875e-01
-7.536544904413362556e-01
-6.985798345460245695e-01
-1.702591014152998738e-02
-2.108476493900055537e-01
3.482088064035734898e-01
2.118298992652534740e-01
8.227392686035073233e-02
1.888149962658993708e-01
-3.842602061045030659e-01
-1.000000000000000000e+00
1.000000000000000000e+00
1.000000000000000000e+00
2.700409954257998457e-02
1.443497116154868198e-01
-1.185881091791942676e-01
5.142285846016949602e-01
-3.571950413316944406e-01
5.490044353060608007e-01
-1.000000000000000000e+00
-7.123259710197764605e-01
4.895684302241705144e-01
9.506233449119882994e-01
-3.076064430626921364e-01
9.403800820278078731e-01
-9.219901380052941686e-01
1.078436026624928767e-01
-2.271570419678636821e-01
-3.141944972475081421e-01
2.432841771438258860e-01
-1.000000000000000000e+00
-3.278516173879280071e-01
7.029815480325307675e-02
1.000000000000000000e+00
7.515204543144529126e-01
-2.249654512283418839e-01
-1.000000000000000000e+00
-7.456653054512794032e-01
-2.240456695033448131e-01
2.284382839332941284e-01
8.233702481680313934e-01
8.173639759431248208e-01
-7.335195073169606950e-01
4.115369246957805149e-01
9.933987424175023673e-01
5.679074214064994131e-02
9.366199122529850207e-02
-5.377935473197621441e-01
-3.159493749790964756e-02
-1.000000000000000000e+00
-7.499008235061995764e-01
9.383132926455304279e-01
-9.700261781379613257e-01
6.716971429548408423e-01
1.000000000000000000e+00
-8.287835096717099947e-01
1.000000000000000000e+00
-1.000000000000000000e+00
8.026766453615044039e-01
-2.049864726665795445e-03
1.000000000000000000e+00
-9.258669039243159204e-01
-3.889436766316123339e-02
-1.000000000000000000e+00
-8.292436175990391956e-01
-5.390236978761364650e-01
5.833918381970011335e-01
8.938866491926321656e-01
1.440946982455817427e-01
-2.772792189579871280e-01
-1.423890742320084168e-01
7.572330939047946519e-01
4.482730166415870299e-01
-2.022027469418090639e-01
4.970244933854357505e-01
9.332977450771613448e-01
-2.704937607343023132e-01
-4.907841464465656500e-02
9.348008357467063600e-02
-3.303804525164162342e-01
-9.371825263084538893e-01
3.134514124187115502e-01
-3.637965720837974537e-01
7.022146184484701070e-01
-6.206968207595104925e-01
-7.501422936283625997e-01
-4.157249295529243938e-01
-5.933925443489806995e-03
4.237618211123777012e-01
7.008911709555909475e-02
-5.661882745802130357e-01
5.589295457632357245e-01
-5.601345028823472294e-01
-1.000000000000000000e+00
-5.419379652559557226e-01
-6.984098329955161777e-01
1.165147487049855712e-02
7.056662204939936345e-01
-9.344424200047883877e-01
-5.361295888214723249e-02
2.750981489240478250e-02
-7.416256210717615538e-01
-9.275834792672030815e-01
-3.200423418069460735e-01
-6.851915963092365391e-01
1.205556927177216520e-01
9.711868544546260473e-01
4.800617298162939139e-01
-5.461118139043268371e-01
-3.681108966809965022e-01
2.515543062731679935e-01
-6.180941341783676712e-01
5.903655648649512866e-01
-7.892776290969090169e-01
2.483074680136967416e-01
1.000000000000000000e+00
-8.313200444405006717e-01
-1.000000000000000000e+00
5.205829238763848288e-01
-3.370733294266792246e-01
-8.147671214851142096e-01
-1.606544713900803778e-02
2.091736200634179976e-01
1.152632587637183459e-01
6.360205182914497879e-01
1.307619695075603605e-01
5.751667257312451653e-01
4.431057092399712793e-01
5.003839066615589637e-01
1.000000000000000000e+00
9.437699758136981476e-01
-9.788295141014696776e-01
-4.754059159728543094e-01
3.910082665366737542e-02
-6.187169194566657371e-01
-2.411451462548093172e-01
8.974068450994088231e-02
3.062684594764768509e-01
3.842419126453671119e-01
4.275308401527255775e-02
-8.602144635300907893e-01
6.365165884697328025e-01
-8.024610428772405157e-02
4.909808330947336152e-01
4.639820729122952625e-01
-5.685639957015300450e-01
1.000000000000000000e+00
-3.550691417697868779e-01
-4.742599699301559557e-01
-4.777010403887196333e-01
2.471790834473299447e-01
9.330044961280694604e-01
1.326314432972421908e-01
4.776798812333002964e-01
3.417688497322435848e-01
-1.329601434236931112e-01
-3.902267912379522308e-01
6.267555596175264920e-01
-1.535338550049369921e-02
-3.276648494396783295e-01
1.000000000000000000e+00
-1.000000000000000000e+00
1.363216357833310077e-01
-3.901881188599225503e-01
-1.000000000000000000e+00
-4.988316647690163030e-01
3.811203176824311534e-01
-9.874378156252381356e-01
2.635941423431619746e-01
-1.000000000000000000e+00
1.000000000000000000e+00
-1.000000000000000000e+00
-9.516337608623048894e-02
9.408304396640789768e-01
1.000000000000000000e+00
-8.571751472633892810e-01
-9.772413344750978670e-01
6.709921321198106803e-01
-3.200633481500658739e-01
4.814360109474052352e-01
2.559419545642196425e-01
7.291033685208228032e-01
9.651128049862931491e-01
9.388786291236206338e-01
-1.082995471798484655e-01
9.147975029896613375e-01
-1.000000000000000000e+00
6.834561410724817598e-01
-5.289009500957928545e-01
-8.620184002332389461e-01
5.094414834703948625e-01
4.000672946262713303e-01
1.000000000000000000e+00
9.379637669533578137e-01
-2.515958569519314292e-01
-1.000000000000000000e+00
7.348894374249817507e-02
-7.223272830548983503e-01
-2.225065391471541254e-01
-6.373986384573999686e-01
-6.538977229560420934e-01
-9.078666445004908159e-01
-1.281087199924644260e-01
3.872655086249177092e-01
5.043031511207090034e-01
-4.022842599250342488e-03
-5.052131862483166813e-01
-3.976983796943958094e-01
-2.229253791710742449e-01
-2.221000367803080966e-01
8.657857681352683077e-01
-9.174490817805742715e-01
-6.746985892457948442e-01
1.825737713371873294e-01
8.425776831087414820e-01
7.099763105986414136e-01
3.833363761563739480e-01
-7.775128994936510995e-01
-8.805285524337902459e-02
1.000000000000000000e+00
-5.221004860411901927e-01
-6.581871299143711163e-01
3.033413098311029676e-01
-4.490746755678542979e-02
2.445455709584581916e-02
-5.909881769497759008e-01
-7.276532773206347837e-01
1.000000000000000000e+00
9.134701068943074098e-01
6.700395375172689683e-01
2.440325523273674246e-01
-9.091752971772815162e-01
-6.205564135844194862e-01
1.281523556135482078e-01
-1.000000000000000000e+00
2.032268875247075224e-01
6.248062204909854422e-01
-1.000000000000000000e+00
7.052064987746978209e-02
4.135520229446256746e-01
-1.000000000000000000e+00
4.068693446339533004e-02
6.119571906183558507e-01
1.153184336121477749e-01
-6.126625962621701227e-01
-1.366123326622084022e-01
-1.000000000000000000e+00
-1.000000000000000000e+00
4.860486006716578378e-01
1.000000000000000000e+00
8.462007023389985783e-01
-3.667469063856056977e-01
7.392100978222866381e-01
-1.475595008515195872e-02
-1.000000000000000000e+00
-9.072935818152572107e-01
3.875889927470347884e-01
-2.316924149152184143e-01
-1.132448439548572328e-01
-3.059853163098358309e-02
