
1 93.87844 26.008486 34.308205
2 93.87844 47.984257 35.530217
3 96.025124 67.139371 31.511901
4 96.025124 76.493244 27.477005
5 96.025124 80.86314 22.980285
6 96.025124 84.528464 19.025909
7 96.025124 84.620762 18.282772
8 96.025124 74.400026 34.81348
9 96.025124 86.493806 15.973682
10 96.025124 86.098907 17.894894
11 96.025124 85.760404 18.239913
12 96.025124 83.463831 21.133788
13 96.025124 73.917947 33.863414
14 96.025124 84.967416 20.151095
15 96.025124 85.153612 20.505057
16 96.025124 85.401364 19.760804
17 96.025124 84.185559 22.068706
18 96.025124 72.552994 36.095749
19 96.025124 86.180211 18.353398
20 96.025124 86.176918 18.006103
21 96.025124 83.992627 21.002102
22 96.025124 85.715831 19.126786
23 96.025124 72.974538 35.432467
24 96.025124 85.671459 19.786108
25 96.025124 88.731915 12.508713
26 96.025124 88.087665 13.986474
27 96.025124 89.445104 13.047853
28 96.025124 73.116068 35.332693
29 96.025124 86.206666 17.56159