1.000000000000000000e+00
2.048654831623101247e-01
-1.000000000000000000e+00
-1.623867365693329179e-01
-2.497764815559211371e-01
-7.929144719808948194e-01
-3.344197869355155506e-01
-6.777333307722710476e-02
7.543443589286029649e-01
-9.211827831878118822e-01
2.208653033988767778e-01
1.000000000000000000e+00
-1.000000000000000000e+00
9.231058068330558752e-01
-7.399817998748916548e-01
-3.011833553074459435e-01
-3.206990641838342593e-01
5.324018146536254603e-01
8.242082248979624159e-01
5.429384264919583369e-01
7.941606821962857721e-01
-1.000000000000000000e+00
1.000000000000000000e+00
4.358407961596913460e-01
-9.817027326523999342e-01
8.753944301878042733e-01
1.198971740448471907e-01
1.000000000000000000e+00
6.234361398682621846e-01
6.868699452019793039e-01
2.718053642867761521e-01
-3.056689232370206621e-01
1.000000000000000000e+00
-8.821029037018253138e-01
-1.000000000000000000e+00
9.438080481289310431e-01
4.470566401198572404e-02
4.330825410451236701e-01
-6.621967577890862378e-02
3.027418332985108984e-01
2.269169798007956707e-01
-3.214653254613858424e-01
1.000000000000000000e+00
-9.311698528618566062e-01
7.783331733055446344e-01
-1.000000000000000000e+00
-7.004782014036776694e-01
4.509003355429086479e-01
1.605612827261901909e-01
-5.123889869603355240e-01
1.909895205952518715e-01
-4.762289426373771395e-01
2.585931630426742123e-01
7.965036907437382796e-01
-1.998846616802223974e-01
-4.976603810016723139e-01
-5.093519310298981750e-01
-3.481517661641844175e-01
8.942811414310625207e-01
5.944444470947860548e-01
-4.863944308404697381e-01
2.842711688812497584e-01
5.709714441331257273e-01
1.000000000000000000e+00
8.942914038480831440e-01
-1.000000000000000000e+00
-8.490148985740484378e-01
-7.113067398874983738e-02
-1.000000000000000000e+00
3.912012719234846392e-01
-6.076143638348864284e-01
8.085606621203331734e-01
9.359550949445977208e-01
-1.000000000000000000e+00
-6.010067158201902737e-01
-4.423143209592910741e-01
-5.914330105885688971e-01
-1.757570471366290965e-01
-4.374326191699420274e-01
6.656345479958780675e-01
1.454163237610502923e-01
7.379064094956391262e-01
-4.213954273803421913e-01
1.000000000000000000e+00
3.194323911646723690e-01
-6.985069689387514436e-02
-8.616323848858714607e-02
8.987136600523659702e-02
-2.408583971162441273e-01
3.502121440391177121e-01
-8.772538237591173127e-01
-1.000000000000000000e+00
-1.000000000000000000e+00
-7.425110245604265025e-01
7.339228713531839032e-01
-1.116545159210710070e-01
3.465187968492986492e-01
1.566689081033839082e-01
5.628232113034900563e-02
-3.020008834388802632e-01
6.546937426197012577e-01
7.973646967944502117e-01
-4.944851939394126483e-02
5.148672435113101908e-01
6.516696025422726857e-01
-5.734839574895382597e-02
1.000000000000000000e+00
-4.353750095802669251e-01
-1.000000000000000000e+00
-3.238146197550291205e-01
1.000000000000000000e+00
-1.349503778027195400e-01
-1.000000000000000000e+00
1.000000000000000000e+00
3.705426567805595317e-01
1.000000000000000000e+00
-9.244286893842443842e-01
5.364315318811458955e-01
3.770020830657139221e-02
1.000000000000000000e+00
8.851247325730899895e-01
7.972348402230960973e-02
-1.787850322364399336e-01
-1.053220717290203334e-01
-3.097291383533508080e-01
1.000000000000000000e+00
-5.961422199111283682e-01
4.723162456682211685e-02
1.000000000000000000e+00
5.885758106166394388e-01
4.307927201320002064e-01
-3.949559946305615799e-01
8.781341559964865873e-01
-1.000000000000000000e+00
5.480992623654235008e-01
-8.363760804745673516e-01
2.281954928519490944e-01
-1.994219950124622165e-01
-7.188941686508114604e-01
-4.421025405195904145e-01
7.070475415894592608e-01
-2.790211927216391663e-01
-1.000000000000000000e+00
-4.039389481316722486e-01
8.732045297462615041e-01
4.701281724510991689e-01
6.755226576118157356e-01
-1.000000000000000000e+00
-6.792790788645508560e-02
1.000000000000000000e+00
-2.259432928365909810e-01
9.956488076936949039e-01
-6.292134973927305808e-01
-4.815037479522743524e-02
9.537882162413868770e-01
2.832731186588444139e-02
6.032955456208061173e-01
-3.605190922375800522e-02
3.055675761409754609e-01
4.891056369474413579e-01
2.197352416567989741e-01
6.206704918299181806e-01
1.000000000000000000e+00
-1.862416992286496376e-01
-3.978408443168244268e-01
-2.967013823466497779e-01
1.000000000000000000e+00
-5.318489613259014259e-01
5.987009779685783517e-01
1.417534552028699990e-01
1.000000000000000000e+00
-5.180503979191979358e-01
-3.742550087327833896e-01
1.000000000000000000e+00
5.641686113514290390e-01
1.183255536455749546e-01
-6.220666734387253483e-01
2.339453424300322881e-01
2.583174263853252883e-01
2.208560792948777163e-02
2.123316850488152774e-01
-3.215314852629106990e-01
6.882026161873583403e-01
-6.524472763489883587e-01
-4.058796832958571632e-01
4.088399566963771825e-01
6.778257070915503224e-01
-6.694950604524239068e-01
4.542486719293021280e-01
-6.752938343145007405e-01
-1.156490994528174554e-01
3.706171432790652531e-01
7.299000422935134624e-01
-9.307064837216307840e-01
-1.335501006816284253e-01
-1.000000000000000000e+00
5.023545871402035345e-01
-6.623368157453608518e-01
-1.000000000000000000e+00
-8.989906437876060696e-02
-1.000000000000000000e+00
1.719394732131156456e-01
-7.208452499897386456e-01
8.845149578619326824e-02
8.206450395460613834e-01
-1.000000000000000000e+00
4.363273954930975140e-01
2.120296303729016785e-01
1.156242886800168401e-01
-1.000000000000000000e+00
1.549475198067468140e-01
2.119632491419520814e-02
-1.993090956419466542e-01
4.136347316871494817e-01
-1.000000000000000000e+00
-1.000000000000000000e+00
-5.918837769602036669e-01
-5.242151628495997917e-01
-2.572864295398105128e-01
-1.000000000000000000e+00
4.943472277258331715e-03
8.504607795877441867e-02
4.024615584896313880e-01
-7.525310301337957419e-01
-4.013182460964676568e-01
-5.573215189923028667e-01
6.467932716948043836e-02
-4.866816231718384955e-01
-6.640435519863986391e-01
-4.465756713615631757e-02
-7.803093271150197685e-01
3.260247273211482888e-01
-9.033463305615054839e-01
4.988663039430659696e-01
3.442809973696168147e-01
2.630551094936001144e-01
2.170649312575383960e-01
-6.879549031082941024e-01
-1.000000000000000000e+00
9.533384490540086631e-01
4.819486887058385127e-01
-1.000000000000000000e+00
7.617652630975508821e-01
6.129120435915389464e-01
-4.248796322362853317e-01
1.000000000000000000e+00
-1.000000000000000000e+00
-9.177793562909726255e-01
-7.968496219945812031e-01
-6.573704518898344507e-01
-1.000000000000000000e+00
3.132967294683292048e-01
1.000000000000000000e+00
8.367686366030382406e-01
-1.000000000000000000e+00
-1.000000000000000000e+00
7.031447133682895423e-01
8.555688378891388446e-01
6.055820488660750289e-01
6.486051646260790338e-02
2.681178424954257511e-01
1.000000000000000000e+00
-2.260874645853195863e-01
4.062644757403919282e-01
-4.925040224928174393e-01
5.542378718950438099e-01
4.434826211331194257e-01
-2.702758463620409390e-01
1.301967936270436166e-01
-4.827208627232700278e-01
-2.506461309976654173e-01
-1.000000000000000000e+00
7.473741108775477926e-01
3.943953731446090405e-01
-2.354502427117120544e-01
-8.958348339664269355e-01
-1.732093192565408168e-01
-1.000000000000000000e+00
-5.898018002945435434e-01
9.740310648089377521e-01
6.857742179721297848e-01
-5.887754678460671576e-01
1.482663669236262971e-01
4.610595218751937785e-01
8.623906404547686533e-01
-1.451589983511922810e-01
1.000000000000000000e+00
1.000000000000000000e+00
9.192652921696109480e-01
-4.173054539679006969e-01
5.581650656156342816e-01
-6.038366620220603220e-01
1.040522680087747620e-01
-7.995337047916669659e-01
-1.000000000000000000e+00
7.301325486412313381e-01
-7.251662074164373362e-01
1.000000000000000000e+00
-3.589316481278388427e-01
-1.812087984524819728e-01
-6.277691472406449202e-01
6.811434165779723937e-01
2.503223593796456981e-01
-1.000000000000000000e+00
7.132121912573481382e-01
-2.544394124504428117e-02
8.410145618927339362e-01
-2.748319660304292533e-01
1.000000000000000000e+00
9.456119795569177811e-01
8.735649527486151200e-01
-6.265338115828862353e-01
7.121767180301266098e-01
1.000000000000000000e+00
-4.808596695360298767e-01
-1.000000000000000000e+00
8.509345562617731673e-01
-1.000000000000000000e+00
-4.730639582983389158e-01
9.767946800126765527e-01
-9.485064619891458992e-01
-1.265437509506295299e-02
-5.506538207915090410e-01
1.000000000000000000e+00
-4.539108954142119234e-01
1.000000000000000000e+00
9.204491005002400916e-01
1.000000000000000000e+00
-6.801174461887727896e-01
-2.197610207477957989e-01
1.000000000000000000e+00
-1.000000000000000000e+00
-1.789867236679461848e-01
7.457353838979132732e-01
-9.806161571595560789e-01
6.372053498549137274e-01
1.000000000000000000e+00
9.984135437113937916e-01
5.888311975985452973e-01
-1.000000000000000000e+00
-9.899030507824155833e-01
-6.904860876763940780e-02
-8.709285480934108037e-01
-1.801335002327970336e-01
-1.000000000000000000e+00
7.515925960415708040e-01
7.794564022760730460e-01
-1.000000000000000000e+00
5.522609944471715826e-01
4.050304914278759494e-01
4.636343196002908340e-01
-1.000000000000000000e+00
5.836618504107446981e-01
-9.284664166364198223e-01
6.002632516105055327e-01
6.032459379518035902e-01
-7.108591864726191423e-01
-1.303207530502648592e-01
5.050501136163676463e-03
-5.142473902451707435e-01
-6.872888609705738450e-01
8.051338863477455199e-01
2.350432483682418638e-02
-8.153783607582510973e-01
9.485132932104576309e-01
-6.668270069909454367e-01
9.056632050708509629e-01
2.263798629313695243e-01
7.347458328993532461e-01
8.819712753767342539e-01
-9.431834592054837429e-01
-6.482632299788804175e-01
3.414319717705572299e-01
1.000000000000000000e+00
-3.937428426195354048e-01
1.000000000000000000e+00
9.185065061339245940e-01
5.484124763060349572e-02
7.297094658088920660e-02
1.000000000000000000e+00
1.620849400883240810e-01
-3.687647955153596779e-01
-7.803547003359101453e-01
2.447048643714322680e-01
-3.857670315211003120e-01
-7.218498796989032407e-01
-4.254922733873726104e-01
-2.583300367979854961e-01
-3.865923095989041158e-01
-1.000000000000000000e+00
-5.731551962521974630e-01
-3.722016662593385927e-02
4.649416660959775349e-01
6.389637246780890401e-01
1.000000000000000000e+00
-1.959809628575299723e-01
6.301250180477775409e-01
-1.015387095161577324e-01
-2.515486585340910297e-01
1.434019013837815604e-01
-9.287740809304867451e-01
9.569070716771228557e-01
1.000000000000000000e+00
-1.026294174556796612e-01
4.645263128146746578e-01
1.000000000000000000e+00
1.076265305341850276e-01
-1.284908351168828067e-01
3.562531274644020751e-01
-2.231264397528849308e-01
3.992230198886729253e-01
6.263980681362658620e-01
-9.912617076772549662e-01
-7.448836324862753155e-01
1.000000000000000000e+00
-1.000000000000000000e+00
-1.000000000000000000e+00
-7.862091732490961160e-01
-4.473755538713427016e-01
-5.812726826879610620e-01
1.000000000000000000e+00
1.256455414651247438e-02
-5.136248011593306240e-01
3.615476305765213394e-01
-1.000000000000000000e+00
-5.229829212704286689e-01
-1.000000000000000000e+00
8.288513101507000158e-02
-5.653614101220614252e-01
-1.000000000000000000e+00
3.497792411260168821e-01
-6.232886575517742056e-01
-8.143543535095107977e-01
-5.299545845918869347e-01
1.000000000000000000e+00
1.438369646861789308e-01
5.413477251883072050e-01
-1.000000000000000000e+00
-3.455585312025544198e-01
2.324041200725820433e-01
-4.233153894705278253e-01
7.666009531352806494e-01
-2.788945873643661200e-01
-6.385395674848515224e-01
-6.800931438006276863e-01
1.088168984995289412e-01
-3.585764655112222421e-02
-5.237134481555676402e-01
-9.053211512775368730e-01
5.961338958465591809e-01
-6.223982944854609956e-02
-3.495168301553248646e-01
5.235386554548391302e-01
8.151076935023233716e-01
1.000000000000000000e+00
2.307499073236096709e-01
-1.000000000000000000e+00
8.471443275794099392e-01
7.327645016028743186e-01
4.973847229563594929e-01
-1.954719600505569477e-01
1.118052751050506027e-01
1.000000000000000000e+00
1.967245172822612576e-01
-9.006792076826692917e-01
-1.036330866519719063e-02
-9.505248965802937100e-02
2.550716753895974076e-01
-1.000000000000000000e+00
7.100364414191010498e-01
-1.563747529888075416e-01
5.106092450105275127e-01
-9.627252826471197622e-01
4.407230252045125918e-02
3.308399062595468454e-02
-1.000000000000000000e+00
-2.527490386076269857e-02
3.126709491801501484e-01
1.038928223656798433e-01
1.264732595849471508e-01
2.693727774352522308e-01
-5.867610822204061272e-02
-3.877445183433760878e-01
1.000000000000000000e+00
-7.211232563251794847e-01
-1.878084089878096496e-01
1.000000000000000000e+00
-1.951754093326525386e-01
2.697199256709003068e-01
-5.068547878667046813e-01
-1.000000000000000000e+00
-1.000000000000000000e+00
7.059064177484771774e-01
7.921899131480003575e-03
6.959433404045978211e-01
8.219019963365969961e-01
7.300444048460881241e-01
-4.182317342533755644e-01
-3.221479817503388743e-01
-1.000000000000000000e+00
1.236936209402517139e-02
4.199478083876927448e-01
-8.167047604498516300e-01
-8.218954664492408302e-01
1.516825491693867822e-01
-5.135211624388434926e-01
4.453864237318838626e-02
-1.000000000000000000e+00
8.222037609408914260e-01
6.225417620122064566e-02
-6.835926890988077709e-01
3.849213680719064667e-01
4.986497544625597134e-01
9.480813262440449529e-01
-2.954190826615227805e-01
1.000000000000000000e+00
9.012434614262956334e-01
2.079634683750662127e-01
8.098228927357280504e-01
-6.929201416114394441e-01
-3.707885085367232936e-01
6.126100210889540154e-02
-4.785534645560903244e-01
6.562277918809789057e-01
-7.372269369631270219e-01
1.000000000000000000e+00
-2.780812448879027565e-01
-2.598890532043494073e-01
6.185017609458037802e-01
-4.571919731909022122e-01
-8.396455932701992753e-01
3.671403163208141751e-01
-4.455042932905005082e-01
-6.296146133744997542e-01
7.549083307218182881e-01
-6.734075837946246201e-01
1.704163426719496055e-02
1.916677386919937442e-01
1.000000000000000000e+00
1.000000000000000000e+00
-7.379248856849245364e-01
-3.920325003180923362e-01
5.028598381601486755e-01
-8.509617365331816341e-01
7.185253626606423749e-01
-5.355138730422634996e-01
7.363566309471131222e-01
1.000000000000000000e+00
1.689393511685135518e-01
-3.888405106452502702e-01
6.166760082262199294e-01
-3.292950501066198576e-01
8.864226160877997085e-01
1.000000000000000000e+00
1.000000000000000000e+00
7.110917333929925865e-01
1.321810452864721208e-01
1.000000000000000000e+00
-7.322624277525293657e-01
-5.679669441743979696e-01
3.076981299243047863e-02
-8.183420548942096362e-01
-3.683116261380725565e-01
3.734232484767890936e-02
4.336182136249505659e-02
1.000000000000000000e+00
2.309641470195401558e-01
5.425299511456409540e-01
2.895049008487913245e-01
3.520354285693130247e-01
1.000000000000000000e+00
-1.616439243753509114e-02
-1.641384919194965875e-03
-3.356805639351556625e-02
8.458793734356719884e-01
1.000000000000000000e+00
-1.000000000000000000e+00
1.000000000000000000e+00
2.321158558309588393e-01
4.374452466425371444e-02
3.245746985380031369e-01
-4.713504846211523658e-01
2.167525821951299392e-01
-5.321178194059408284e-01
9.722301449522036121e-02
-1.000000000000000000e+00
1.662244259526547974e-01
-1.000000000000000000e+00
-3.638934973357815794e-01
1.217404459764725999e-01
-6.181790907606588004e-01
1.000000000000000000e+00
-3.338458462437927654e-01
-5.054459763968148778e-01
-1.000000000000000000e+00
1.149382893010892914e-01
-1.560077915811919347e-02
-9.771964732422870892e-01
-1.000000000000000000e+00
-1.000000000000000000e+00
8.831524681122453480e-01
-5.069878225364207180e-01
-6.340748049864863845e-01
5.712836286650052608e-01
-1.295803311932906821e-02
3.620218560178538603e-01
-4.971419241446390913e-01
1.000000000000000000e+00
-4.874968132175457325e-01
8.637726188405201455e-01
6.302570228836041899e-01
-5.337958044450825668e-01
8.914375007930519512e-01
1.496214221032476921e-01
-8.251524507487845161e-02
-3.396068020635356066e-01
-4.462298859692843678e-01
-6.359776190066493973e-01
1.000000000000000000e+00
1.000000000000000000e+00
8.877598692627358679e-01
-3.963870084342119848e-01
4.204350916919580294e-01
-6.761243239285026352e-01
6.114943681975650858e-01
2.075026712751652513e-01
-9.032767072349909832e-01
-5.139496928419672317e-01
-6.675605760041627423e-01
-1.000000000000000000e+00
1.730090165201864094e-01
-9.669063996390817595e-01
1.000000000000000000e+00
-2.690838884849192647e-01
1.000000000000000000e+00
1.000000000000000000e+00
6.883714437593977387e-01
3.386809440151301587e-01
1.000000000000000000e+00
-3.241364044637458086e-01
3.238816346007007962e-01
9.001243054777134933e-01
3.004228017576859866e-02
1.000000000000000000e+00
-9.329163128308148867e-01
-4.934152056198692904e-02
-1.000000000000000000e+00
9.771813953478488690e-01
7.824573513245447476e-01
2.694211392566842056e-01
-7.434996913583047373e-02
-1.459651351279331599e-01
-5.412096788641664880e-01
-8.315759411038649018e-01
-5.287244944707043537e-01
-2.112220925754924317e-01
-5.355873957907590910e-01
8.784003479882149801e-01
-7.614702555188539446e-01
-8.442930143173096313e-01
1.000000000000000000e+00
-1.938420876595040032e-01
-8.719262919129810996e-01
-1.000000000000000000e+00
-9.509765967778596174e-01
-2.395135388365416951e-01
-2.556333995315330787e-01
-4.198085667616304750e-01
1.000000000000000000e+00
-1.000000000000000000e+00
-5.183132356695097087e-03
-3.491712570015821360e-01
-2.261358046999470406e-01
-1.000000000000000000e+00
-4.584460202693970698e-01
-9.186838801736481042e-01
-5.300096649913386138e-01
9.729811432303137053e-02
1.000000000000000000e+00
-3.661182848079708174e-02
-7.121865353831170475e-01
4.365535461622878644e-01
8.760597048357408045e-01
-3.522670320446492087e-01
-2.393078700598159081e-01
-1.000000000000000000e+00
-2.022380975730322938e-01
-7.104769814948868056e-01
6.996645653028042977e-01
1.841801808074206570e-01
1.000000000000000000e+00
9.980922077560347994e-01
-2.234180650851077532e-01
-2.583894963990203131e-01
-2.412299084566204010e-01
-9.421119072416259677e-01
-9.659437067451237535e-01
-4.287610310377253375e-01
5.459506199692298889e-01
4.973665895740467802e-01
-5.297612941844561663e-01
-3.309318955415085917e-01
2.386072011440509844e-02
-1.000000000000000000e+00
7.397002525306350940e-02
-1.372211055774820443e-02
-7.917219020277326269e-01
9.695541234148714604e-01
9.739536170688631866e-01
6.561785536901120208e-01
6.748742225776147574e-01
-2.873698095149092580e-01
1.903427457708575798e-01
-8.588668337952175547e-01
1.000000000000000000e+00
-5.354647662151901244e-02
4.828479344011248897e-01
-1.000000000000000000e+00
-6.246455536865866964e-01
-3.389453450016062241e-01
7.647662779678842115e-01
-7.504637442533129699e-02
5.953433958746767729e-01
3.910365710759207136e-01
4.091008272408427349e-01
7.697682390982912848e-01
-6.389222445577456000e-01
2.893642732237049486e-01
3.547951792475891319e-01
5.496766164087305007e-02
9.535256119787529627e-01
1.948720911765134400e-01
-2.414221187819820535e-01
2.376247250332444994e-01
1.000000000000000000e+00
7.909739351851886591e-01
-2.059226041296535747e-02
-9.444762964340819300e-01
3.400120915190749660e-01
1.000000000000000000e+00
6.789603804595251146e-01
1.000000000000000000e+00
-6.539689079376422853e-01
3.831477573548838222e-01
-2.988566551924759507e-01
1.000000000000000000e+00
6.035167331172336391e-01
-1.000000000000000000e+00
-7.378935789456732008e-01
-7.040552127337978972e-01
-5.962586676050094514e-01
-5.174146883091668148e-01
-5.359546439645133109e-01
7.363733294506680238e-01
6.007065740196471104e-02
-9.763621919546079386e-01
1.290197368134107236e-01
-9.787008935449553748e-02
1.000000000000000000e+00
1.000000000000000000e+00
1.000000000000000000e+00
5.672659378615552139e-02
8.786631833581216577e-01
-9.494855374448433194e-01
2.174763509798869066e-01
-1.000000000000000000e+00
7.242748470709692299e-01
-4.990674771510666408e-01
1.457902372859299356e-01
2.184568522595644602e-01
-2.689476678374302931e-02
-5.393670876247413926e-02
1.515417892366603958e-01
-7.619607122449363334e-01
1.000000000000000000e+00
-7.722310667995893607e-02
-1.156783075228912938e-01
3.118921382885282423e-01
-8.109535657842763534e-01
-1.000000000000000000e+00
1.000000000000000000e+00
-4.965429972261596880e-01
7.997984421203175875e-01
-7.923901217233504379e-01
7.723168545060539181e-01
1.000000000000000000e+00
-1.608976299008348376e-01
-6.320221267041495339e-02
5.919624187081827804e-01
-2.728105976409032629e-01
-1.000000000000000000e+00
1.000000000000000000e+00
5.789473946476109134e-03
-4.088152981496641636e-01
8.697459009200467772e-01
-2.698813505973313154e-01
7.943084588621969200e-01
-1.942819173068787431e-01
-1.000000000000000000e+00
1.677807868986799233e-01
-7.462822041783743199e-01
8.576930952148672516e-01
-2.916945223539785248e-02
-8.513266698125898646e-01
9.358640349171267747e-01
-1.000000000000000000e+00
-1.285039969026864903e-01
1.731940530730358141e-01
4.296191773847486406e-01
-1.976991374811825353e-01
7.669132966991442091e-01
-7.807385556772643564e-01
1.000000000000000000e+00
-5.467251519770004453e-01
5.151828844987552669e-01
1.000000000000000000e+00
1.414715043284719975e-01
3.197549973144292457e-01
-1.000000000000000000e+00
-4.056966916117441535e-01
1.623935880587454028e-01
-5.307541525924122094e-01
-9.410299888881428210e-01
-1.000000000000000000e+00
1.000000000000000000e+00
-8.936427097069441494e-01
-1.865640234803539466e-01
1.000000000000000000e+00
2.984041445022934669e-01
9.811305283970855884e-01
5.061923406064282593e-01
3.559951576473299184e-01
-4.897371520934425959e-01
8.881634060481857773e-01
-9.232369563999993645e-01
-1.000000000000000000e+00
-1.000000000000000000e+00
9.229071539511550792e-01
2.926966151689698314e-01
-3.601383433179441290e-02
-1.000000000000000000e+00
5.758717811914360052e-01
2.092627755124877309e-01
-5.941408724629715365e-02
-7.125626157997673182e-01
1.000000000000000000e+00
5.929709817592894172e-01
5.460787011520406020e-01
-3.665378031055266383e-04
-1.000000000000000000e+00
8.731000693157013881e-01
-1.000000000000000000e+00
-5.730063691512017332e-01
6.019825890423863290e-01
7.396617031771950401e-01
-2.654839023772609385e-02
-3.892892384390865268e-01
6.344692781060108366e-01
1.000000000000000000e+00
1.000000000000000000e+00
9.135022335979677832e-01
-6.978442265599508199e-01
1.000000000000000000e+00
-3.142425023385705951e-01
4.670872769629803578e-01
-7.604081481191845571e-01
4.350289715847068805e-01
2.687733381433786706e-01
-8.455708197289935057e-01
-7.529276760318953654e-02
9.523720228860308445e-01
5.779554096281017683e-01
-1.000000000000000000e+00
1.015789363562442787e-01
-9.850952019258973902e-01
-1.000000000000000000e+00
2.307268333260452109e-01
-2.143758327157433974e-01
-1.934476320761056023e-01
-1.000000000000000000e+00
-5.281962491941489812e-01
-8.078610646787609539e-01
5.295745386396351062e-01
1.000000000000000000e+00
-1.000000000000000000e+00
-3.987806363077799343e-01
4.945462921717640459e-01
-1.000000000000000000e+00
-7.006386071461465637e-01
-9.742189608535165579e-01
-8.684492275582058607e-01
-1.000000000000000000e+00
-1.000000000000000000e+00
-1.000000000000000000e+00
1.836725993251531186e-01
-1.000000000000000000e+00
9.443074821892143422e-01
3.010366998795330762e-01
-4.803517782001838765e-01
-1.271329226398990597e-01
7.074175967238411911e-01
7.158954069920591134e-01
-1.397125852975595883e-01
-3.051514611742023320e-01
1.000000000000000000e+00
-8.175104191883009186e-01
-1.000000000000000000e+00
-1.000000000000000000e+00
6.285776065818761138e-01
7.160977235529819573e-01
3.034914334775709044e-01
1.946970330026625007e-01
2.628698899269168998e-01
2.108886437400180336e-01
1.629078950352673694e-01
7.253768807580798228e-01
-9.051946980102658635e-01
-4.795860766274459563e-01
1.000000000000000000e+00
8.259048886099416009e-01
-1.000000000000000000e+00
7.162749621141302203e-01
-6.667750189703089969e-01
8.049492843040129131e-02
-3.531772686241303472e-01
8.341730981229622532e-01
9.431616011124407395e-01
1.781313016571104413e-01
-6.536561243346639127e-01
-8.730180816771504482e-02
8.902497355681637803e-01
9.656824448137603101e-01
6.302818448096474402e-01
-4.260031771502119646e-01
-1.672398863186459472e-01
5.801367558036805150e-01
1.749494761841074442e-01
-9.548302052999120271e-01
3.500239297829502161e-01
-6.446455198933597197e-01
-1.000000000000000000e+00
-1.000000000000000000e+00
-8.051297531316017331e-01
1.000000000000000000e+00
3.321586074525517684e-01
-3.308728617036749142e-01
1.000000000000000000e+00
8.835967200825215473e-01
8.133967053368347244e-01
-5.601690829131371618e-01
3.323949866920660190e-01
1.000000000000000000e+00
-1.000000000000000000e+00
2.729798566622948508e-02
1.000000000000000000e+00
8.747322115303093337e-01
2.990989775481245339e-02
-1.000000000000000000e+00
-2.516059776716954577e-01
5.344302452155160754e-01
3.350751346412558784e-01
-8.347130209907465126e-01
-1.069278604393197329e-01
1.000000000000000000e+00
-1.000000000000000000e+00
-8.190828605569675513e-01
-1.000000000000000000e+00
-6.921120219303582566e-01
2.354987835059957346e-01
-6.321187860918107138e-01
-1.139027796073933674e-01
-3.194410704453416461e-01
8.084981280302352413e-01
7.240940353216823722e-02
-1.341100765479878998e-01
-3.637704046933226132e-01
-6.664852241719252390e-01
-8.405848757652492065e-01
-1.000000000000000000e+00
-8.356432882675313145e-01
-9.139367759383032475e-01
-4.163258825891613113e-01
5.175882848243573697e-01
-4.590117188680510329e-01
-1.000000000000000000e+00
-3.346927900399931377e-01
6.765245321705759540e-02
-3.775408960775768485e-01
-5.088124767427143480e-01
3.674198463501920919e-03
-1.000000000000000000e+00
-3.571702435682937438e-01
8.727181387656604006e-01
-1.348898645778263683e-01
-6.949857372411466505e-02
-7.297649024186263489e-01
7.938206472926607749e-01
3.479993647897300924e-01
-1.000000000000000000e+00
5.119919191790536228e-01
-1.352618599311322667e-01
6.059278919789541362e-01
-7.586069597501784445e-01
-5.106536959842318257e-01
-2.037140836630930152e-01
-4.673372802641363455e-01
9.919095584723227610e-01
1.000000000000000000e+00
4.484509470065946579e-01
-1.000000000000000000e+00
-3.493696518206430013e-01
1.792905188697511698e-01
-6.985641834777489567e-01
1.999812794535884564e-01
-7.768946596019391526e-01
1.000000000000000000e+00
5.150527182427588890e-03
6.205484982439695152e-01
7.356725279341860269e-01
-5.260168646042227003e-01
1.360450872638640368e-02
8.329001528563079182e-01
-5.226517766798111087e-01
6.293580253441352079e-01
1.000000000000000000e+00
-7.436190529213936307e-01
3.130897521564453001e-01
-4.437254933147238845e-02
8.795327518737431349e-01
2.051761820545572323e-02
-4.357125296819484017e-01
6.875766837480515314e-02
-2.678995375068288221e-01
-3.010211161809718261e-01
-9.705106456243579593e-01
3.374840158513572330e-01
-8.153211163655660343e-01
3.092709622185851881e-01
6.143490160392310884e-01
-5.684191954642863198e-01
3.804433416410940572e-01
1.000000000000000000e+00
-5.931034921130449167e-01
1.000000000000000000e+00
-1.000000000000000000e+00
