
1 89.34704 15.295289 27.675658
2 91.393561 35.945421 33.651106
3 91.393561 53.18689 34.854843
4 91.393561 63.718786 31.545487
5 91.393561 70.714831 27.484747
6 91.393561 73.966598 26.370079
7 91.393561 68.110186 35.670808
8 91.393561 77.31959 24.368728
9 91.393561 80.80882 18.76901
10 91.393561 78.359063 21.470438
11 91.393561 82.817435 15.379305
12 91.393561 70.549489 33.706778
13 91.393561 81.840811 18.519314
14 91.405289 83.116971 15.825242
15 91.405289 80.587028 21.238881
16 91.405289 83.912868 15.060943
17 91.405289 85.613613 10.660749
18 91.405289 80.263217 21.170629
19 91.405289 66.345891 37.333734
20 91.405289 82.080692 18.517511
21 91.405289 77.940866 23.54625
22 91.405289 80.29832 21.744625
23 91.405289 85.285793 11.374802
24 91.913548 84.625796 13.131514
25 91.913548 86.36794 7.680049
26 91.913548 83.272513 15.493564
27 91.913548 84.529613 14.119354
28 91.913548 85.479398 11.938219
29 91.913548 69.24625 36.235986