-2.984814096295833608e-01
7.051355263895883185e-01
2.371092667751455996e-01
4.883824685734240445e-01
-8.877804618516210722e-01
-1.000000000000000000e+00
-8.630280372503956743e-01
-7.987848361619049875e-01
4.929568902444498857e-01
-1.579335377855449751e-01
-1.000000000000000000e+00
-9.960570439290955536e-01
-5.809840517391054449e-02
-1.000000000000000000e+00
-6.925008156382126412e-01
8.774366885961305540e-01
-1.521283334998719261e-01
8.450927136698018760e-01
1.000000000000000000e+00
4.199618444150555185e-01
-3.533849676928186856e-01
-1.000000000000000000e+00
-8.271105526879295455e-01
-3.767188106840014261e-01
6.017119351031158248e-01
-1.000000000000000000e+00
-3.406176497582019125e-01
6.450152085569269556e-01
4.409512517403918475e-01
2.805365681485618712e-01
-1.000000000000000000e+00
4.200239857510912334e-01
-8.007392415515893758e-01
-9.604400884671180361e-01
-3.848421508027667359e-01
7.951545488573575904e-01
-1.000000000000000000e+00
1.000000000000000000e+00
-7.073208018974277422e-01
-1.805345793937416510e-01
-8.159416465076000380e-01
-2.115170575583691370e-02
-5.130052791519758015e-01
-1.839106862630555395e-01
2.034036559443730685e-01
-4.597654015978683284e-01
2.262577773218870103e-01
-1.000000000000000000e+00
-5.340369556640109372e-02
1.000000000000000000e+00
5.187867397645762324e-01
8.559964290128478925e-01
2.985673686690981654e-02
-7.610681470859728126e-01
-1.345265411750826701e-01
6.767657803261142302e-01
-1.491179421252348813e-01
-6.670306431578485462e-01
-9.119472472144154462e-01
-6.426280804351355291e-01
7.552116394229458907e-01
4.260806037652099532e-01
-5.331733154518026874e-01
2.414700864410593284e-01
-8.971168294757914108e-01
-8.406868793259165695e-01
-1.000000000000000000e+00
-5.605181296232629728e-01
-3.591411407561164726e-01
1.000000000000000000e+00
7.291825044654075549e-01
1.000000000000000000e+00
1.925919628770849101e-01
-1.953544283901407219e-01
-1.605722867770604800e-01
-3.053476237826304174e-01
-2.489775994993016495e-01
-1.956905837993385688e-01
7.323204256488534680e-01
-1.774220841291684891e-01
5.372392393589827675e-01
-2.313794002228064806e-01
2.959614967676587050e-01
-6.438931229734894401e-01
-6.855331928135343089e-01
6.207581361129432818e-02
6.098605756909643294e-02
1.000000000000000000e+00
3.482881545496039344e-01
7.010410886051487989e-01
-1.000000000000000000e+00
5.211099092643375341e-01
1.833413163713246696e-01
7.473232204897292674e-02
-2.275376797739565582e-01
-2.867807942346602967e-01
6.876824863503463448e-01
1.893352514777563167e-02
-4.643262314988501060e-01
7.485813412345225792e-01
4.746245708585621337e-01
-8.971861519647947869e-01
4.548574120086523731e-01
-1.000000000000000000e+00
4.073448325484921861e-01
3.733670550401584909e-01
-1.079247381024193153e-01
-3.635978975216205833e-01
-1.000000000000000000e+00
9.501989662746235243e-02
1.859847485157797575e-01
-4.896683262572745221e-01
-1.574251025846226670e-01
-6.090826828471038734e-01
1.837755035437316775e-01
1.000000000000000000e+00
-3.095804567615993985e-01
7.713369041802007331e-01
-7.054502746491568832e-01
4.405557423012186335e-01
-6.807394428988408630e-02
-7.999278159017914058e-01
-3.201832315068334767e-01
4.270259002174339180e-01
-2.598108375373775480e-01
4.343738326491810575e-01
1.000000000000000000e+00
-1.000000000000000000e+00
4.102061870785163600e-01
1.000000000000000000e+00
6.544420762217711962e-01
-6.617720680188530213e-01
3.883631080965781468e-01
6.972270352975786789e-01
-7.168386150545686952e-01
-9.053744895967200668e-01
4.096449921813827277e-01
-4.102603882377755529e-01
5.534919827554496408e-01
9.632252217963158669e-01
2.222831485308741917e-01
-1.000000000000000000e+00
-4.657434402281579455e-01
-1.972856097491034189e-01
4.347033532087531404e-01
2.178392146082348546e-01
7.161950771743667010e-01
-1.174103584654740962e-01
5.389483485868850066e-01
-3.286782641715542130e-01
6.502343828965999606e-01
1.585755382074521824e-02
7.876151661677460725e-02
2.605371512337366635e-01
8.861398296239779704e-01
9.077264289056268254e-01
-6.877365327930582417e-01
-5.544797843785342906e-01
-1.000000000000000000e+00
-1.000000000000000000e+00
-7.877465354034558498e-01
-4.104404705399553044e-02
6.769683357437801252e-01
-7.844748918414328198e-01
1.379289897686394317e-01
5.286139753198532132e-02
-8.019272711324074709e-01
2.396541652576494319e-01
-6.279131624726314032e-01
-1.000000000000000000e+00
1.373259152433463082e-01
-2.809055895277159376e-01
-8.038342588412089595e-02
2.933009596288022602e-01
2.063449912513950490e-01
4.491693922988854865e-02
5.941056627848413374e-01
-5.947493824189212797e-01
-1.083531154684727049e-01
7.445090703150518685e-01
9.118933520055499953e-01
-4.525900284455175449e-01
-4.606215260879029660e-01
6.902572678797793682e-01
2.759397599985962124e-01
-2.732889810593062130e-01
6.988486081748113143e-01
-1.761472147104443664e-01
-2.408940849205869483e-01
1.000000000000000000e+00
-2.746686233436790303e-01
4.730496053884390983e-01
2.950344465269358896e-01
-5.260748760148205028e-01
-3.495047885717208480e-01
-9.640974229317785804e-01
-7.781268278482210698e-01
-3.675482071324318589e-01
1.000000000000000000e+00
-1.000000000000000000e+00
-9.538129319755960234e-01
1.000000000000000000e+00
-1.000000000000000000e+00
1.000000000000000000e+00
-3.183601555923218918e-01
8.457008490329238626e-01
-4.688684405060294935e-01
-8.253537230958978288e-01
6.260123571798408282e-01
-2.291208070327785118e-01
6.888294598927480195e-01
-1.000000000000000000e+00
-1.000000000000000000e+00
-1.000000000000000000e+00
-2.588067768051537376e-01
-3.460187019792450025e-01
-8.759113835566860740e-01
4.449367811875344358e-01
3.868491800074624898e-01
3.855120877228814247e-01
-9.658278393722402599e-01
2.712012361453447484e-01
5.080403465800085172e-01
-1.000000000000000000e+00
-6.558912654695510103e-01
7.848336827123436610e-01
7.239495795494594876e-01
2.260597930183212423e-01
-8.878681893788809010e-01
-9.278356733152393065e-01
-5.033377500276041694e-01
1.000000000000000000e+00
-9.422148180217932989e-01
-4.807732216604909681e-02
-6.865459609189841217e-01
-3.395119147937637472e-01
-1.000000000000000000e+00
6.268471589831239310e-01
4.160850339795394426e-01
2.974131019171792345e-01
-1.000000000000000000e+00
1.000000000000000000e+00
1.000000000000000000e+00
1.000000000000000000e+00
9.591186154633484229e-01
3.655844425048274671e-01
-6.825645681121311759e-01
9.723650877772073153e-01
-2.342181144289898764e-01
-4.175474585286115259e-01
-1.000000000000000000e+00
1.000000000000000000e+00
-3.646929706881196220e-01
9.808561395235750879e-01
1.000000000000000000e+00
-1.000000000000000000e+00
-1.062663085495096360e-01
-5.123594893437144471e-01
1.000000000000000000e+00
-8.292859810053849756e-01
9.374760803018616917e-01
-1.000000000000000000e+00
8.892829248087450456e-01
-7.859462763723666923e-01
9.276377441039446170e-02
-8.072963295996173905e-01
-1.770198209112347487e-02
2.373540928739166223e-01
1.216637822568439609e-01
-9.345381854531651378e-01
-4.563220989362047897e-01
-1.459324523634499826e-01
-7.519580776236733932e-01
2.830597070276246741e-01
2.870436649976777499e-01
-4.742792724638681401e-01
-4.309181322065283037e-01
5.021475590176178727e-01
-9.555226960460443397e-01
1.512838631677286827e-01
7.526452737853146502e-01
5.121945740544436854e-01
-6.082390575454735826e-01
3.149312536693310016e-01
-1.000000000000000000e+00
1.000000000000000000e+00
4.566659460268032156e-01
1.234304854699755927e-01
5.683503253126775956e-01
-4.428870445006862777e-01
1.000000000000000000e+00
-4.975440361046785664e-01
2.058262799835764434e-01
-1.000000000000000000e+00
4.672808837245366886e-01
-9.683871316793619677e-01
5.292642797346820416e-01
-1.000000000000000000e+00
-8.738547105813879723e-01
-1.000000000000000000e+00
8.227924253947460631e-01
-8.725298957478400119e-02
1.000000000000000000e+00
4.180567249359194992e-01
6.945665636916455998e-01
2.489523221372502704e-01
7.114884858570762471e-01
3.555614211979480910e-01
-4.575708843498611511e-01
-6.512667525064025353e-01
7.698084499761934651e-01
7.425859114677888506e-01
1.000000000000000000e+00
-1.000000000000000000e+00
-3.395608209624312313e-01
1.812009408943859867e-01
-4.109451215680671177e-01
-4.955932201705471885e-01
1.949371841992809384e-01
4.612815405495749310e-01
1.000000000000000000e+00
-5.289737667402064636e-01
1.000000000000000000e+00
1.739908066555144739e-01
-1.751086072264423921e-02
-1.143644050273415758e-01
-2.552285468111402111e-01
6.379042985137450827e-01
1.000000000000000000e+00
6.611281613978747806e-01
-4.597626110461752735e-01
6.765734169529190600e-01
4.827135520734600060e-01
-9.101169209419428530e-01
1.375202821087728733e-01
-1.527939754198688327e-01
-3.713062170945817253e-01
4.775147569517484425e-01
-1.000000000000000000e+00
1.000000000000000000e+00
-3.866216618390305726e-01
1.000000000000000000e+00
3.803279932834871535e-02
-7.843338030433857355e-01
1.373723336858645450e-01
3.711777045916284656e-01
9.904385436722393798e-01
5.999466648797480151e-02
-8.013041277885399882e-01
5.640203772523544323e-02
-1.000000000000000000e+00
-4.017860734742227935e-01
5.118702547231178679e-01
1.000000000000000000e+00
1.000000000000000000e+00
-7.903326373854304698e-01
1.600681566698957670e-01
5.601966361482042522e-01
-8.647620107271093426e-01
9.351920737135830386e-01
-1.361927256031902900e-01
-4.916452451665096479e-01
-1.000000000000000000e+00
8.288543183498158218e-01
-2.499049612512380114e-01
5.037940616102539737e-01
5.255298082913733015e-01
-8.341620462408337877e-01
-1.065929915209447021e-01
-4.127286220067570843e-01
-8.152218170417244725e-01
-8.747589097310649597e-01
-8.112829015020943668e-01
2.278111269998610577e-01
-1.000000000000000000e+00
1.000000000000000000e+00
1.000000000000000000e+00
-1.000000000000000000e+00
1.000000000000000000e+00
-2.113809238864533535e-02
4.237053949232746364e-01
8.413071217674747970e-01
9.419138915447233806e-02
-7.204042574093529883e-01
5.574759748657014402e-01
4.134468419651897708e-01
-4.753839414564184906e-01
9.605263913295725153e-01
7.442705024987170681e-01
5.118608662074848326e-01
-7.372081703640334105e-01
-2.189922178678376241e-01
3.130632488215924769e-01
7.423103861499280587e-01
2.532105324424043236e-01
-6.767852830379895712e-01
1.359476767913061490e-01
-1.795322317639651000e-01
9.632640857193789374e-01
-2.887872012845015823e-01
-1.000000000000000000e+00
-2.615026904421613452e-01
1.052267306099141098e-01
7.406750869226366163e-01
9.479995106483105616e-01
-6.453865575516395392e-01
-1.000000000000000000e+00
-6.390609082664000518e-01
4.428484354341586382e-01
9.207502556443942776e-01
9.516474842846658344e-01
-6.212944934504455174e-02
-3.562376041143048289e-01
-7.704051798966876641e-02
4.650816565564590555e-01
-1.000000000000000000e+00
2.917001783337667131e-01
-4.917437408330453952e-01
5.070045987729615566e-03
-5.144416625765753093e-01
-7.236183732445473638e-01
-3.048827175785274735e-01
2.136236689939643441e-01
-9.559594887891453840e-01
3.255405415172465955e-01
6.058921673906476624e-01
-7.148724195022090333e-01
-8.624714229232375295e-01
-3.380077809225365826e-01
-9.865411877573788679e-01
-5.126205495735437490e-01
-2.300051471171382644e-01
-4.687037007993591908e-01
-2.941589193744292285e-01
5.566052671568331167e-01
3.300234856249008031e-01
-1.000000000000000000e+00
1.000000000000000000e+00
8.635230518520413678e-01
2.723520739884248143e-01
-6.550401984932827659e-01
9.933297209668430217e-01
9.988185868758139296e-01
-5.858435835415856108e-01
4.494415251017336299e-02
9.171540454987476831e-01
3.318137582963625043e-01
9.589917569962615185e-03
2.635152946554485398e-01
-3.300577995242612861e-01
-1.000000000000000000e+00
-6.789408558800753557e-01
2.137854294155430990e-01
7.972185066437453838e-01
3.407347067837575016e-01
1.000000000000000000e+00
6.783359929109995523e-01
8.134049865803056889e-01
8.797192592382472309e-01
7.776739532223719831e-01
7.895329891889784069e-01
-8.971092548092105545e-01
9.671464791010577766e-01
5.564216007530962127e-01
2.333183066254878035e-01
-1.000000000000000000e+00
-6.906769084717486740e-01
4.448658677468189104e-01
3.194251797912670554e-01
-7.662137149589625107e-01
5.534744570554260834e-01
-9.830218483293406972e-01
9.581969694684413508e-01
-1.000000000000000000e+00
-4.129145211946427807e-01
3.494804096750088185e-01
-5.695988514130815306e-01
2.715929507720630798e-01
-5.535284159154720829e-01
7.823401255341686511e-01
-3.811921172865780916e-01
-7.785805743359426323e-01
-5.723040263296534924e-01
4.472930799891161602e-02
-5.881045128010848888e-01
-1.000000000000000000e+00
4.560101484904628411e-01
5.116479634008512800e-01
-7.301470223845890617e-01
-8.627306006603860933e-01
1.000000000000000000e+00
1.937902362622248575e-01
-6.269263355879002297e-01
1.693274499589981497e-01
5.468449853809210781e-01
-3.921861040322704994e-02
1.000000000000000000e+00
-1.071529264136710236e-01
7.235421951817422315e-01
-8.419902345100711560e-01
-1.667446508916690662e-01
3.423583966576318471e-01
-9.238035287757313530e-01
-9.043536340230251547e-01
2.453756024531753566e-01
9.592535850786633178e-01
3.138171077485789606e-01
-2.930233571278111349e-01
3.905668028847727458e-01
-4.163412665511796451e-01
-9.348250101027417713e-01
-1.931862918060082701e-01
1.000000000000000000e+00
1.000000000000000000e+00
-6.705704810126073001e-02
-2.575819765931932626e-01
-5.141201543952349517e-01
-3.213969785059104245e-01
3.063553519981672690e-01
-8.327372070406082738e-01
2.958257151006298824e-01
-4.440783720529071221e-01
-1.000000000000000000e+00
-3.108591084758247636e-01
-1.835015082670166109e-01
3.893201669873234128e-01
4.779886961482775476e-01
7.409804151608347933e-01
-8.793730462818043492e-01
3.704311158110559776e-01
-4.521649075583853428e-01
-6.907995346351840649e-01
-7.462165505869573501e-01
1.000000000000000000e+00
-9.813075212233854927e-01
3.047265847557355523e-01
-3.692722074308979474e-01
9.280422420216652979e-01
-5.955424210444197897e-01
2.074659544856838900e-01
-1.000000000000000000e+00
2.153013213968721917e-01
1.000000000000000000e+00
-9.843892220019405670e-01
2.251161478771310231e-02
1.105156869878753945e-01
7.751304079075821418e-02
-1.000000000000000000e+00
4.405966358994886090e-01
-6.631167611451342925e-01
-1.000000000000000000e+00
5.406616465944759087e-01
-7.548150639936066497e-01
8.009250148452899953e-01
-7.003943799996342756e-01
1.682697043347480270e-01
3.794232885755174367e-01
-1.308049200109417942e-02
7.775269904768011830e-02
6.852052777693067309e-01
-8.422445034275365394e-01
-1.934833743725161703e-01
-3.367181781795344220e-01
5.325148533201742307e-01
6.368536779191192876e-01
3.582628694145197912e-01
1.221451265657815810e-01
6.635575452942170660e-01
3.159408777896623444e-01
-2.630500403006337251e-01
3.247294864526766300e-01
1.000000000000000000e+00
4.470387584217458965e-01
-1.231197509405146662e-01
5.158974512479919117e-01
1.000000000000000000e+00
3.350161820501276200e-01
8.595238680814335508e-01
-1.000000000000000000e+00
9.596083324733781783e-01
4.534770865270313367e-01
-2.984344944706902036e-01
7.665523579661312481e-03
-1.000000000000000000e+00
4.590801768541723504e-01
1.000000000000000000e+00
-6.313214062431217188e-01
9.162603834024751759e-01
5.174006781199330662e-01
9.010809706140411324e-01
3.690587969965911652e-01
-5.783935738067795818e-01
3.780891367210485465e-01
-7.457877156439165489e-01
6.874432530732417224e-01
-9.822310158987580531e-01
-1.000000000000000000e+00
-1.000000000000000000e+00
-4.540035240170113839e-01
-8.042841595901468743e-01
4.524924636200797767e-01
-1.000000000000000000e+00
-5.867898317444740774e-01
8.495884574163441449e-01
4.589962219742932392e-02
-2.662930071149424704e-01
-9.904496684373880200e-01
-6.749898143103738590e-02
-1.922737324049030860e-01
-6.014810163834425349e-01
8.361646458148279670e-01
-5.636167362241715217e-01
1.000000000000000000e+00
-4.783657087404304398e-01
1.442945400836688763e-01
4.530307640620417908e-01
-8.827553283658591265e-01
3.014682292140636877e-01
1.000000000000000000e+00
-1.000000000000000000e+00
1.000000000000000000e+00
5.940679739096050849e-01
6.856837343959063524e-01
-2.402943263126926521e-01
-1.921697615264226777e-01
-2.058882059623379501e-01
8.169659800835824548e-01
1.497018698730379072e-01
-6.223842280928364445e-01
1.185025328413283618e-01
-5.974800963417923327e-01
-3.206390780596659051e-01
-1.000000000000000000e+00
8.213791353943878937e-01
9.294142062020005479e-01
-1.417830277616123902e-01
1.000000000000000000e+00
1.000000000000000000e+00
-6.468270400628993722e-01
-2.936476998307088193e-01
-4.361262042427202501e-01
3.705935433533331658e-01
4.933546225985732114e-01
5.217038843860140052e-01
-1.292049113282336403e-01
-4.237290525867831725e-02
-6.203737752331380806e-01
-4.427113800034672142e-01
1.743325432634166838e-01
7.356783526461732059e-01
4.119685490254912930e-01
2.174564465268133961e-01
6.077221694354864034e-01
-4.519191662657125463e-01
4.738393464867841631e-01
1.000000000000000000e+00
9.304618207652668449e-01
-9.751884425494672382e-01
9.914128116386446976e-01
1.000000000000000000e+00
-3.719785133357037532e-01
-9.954222759285394906e-01
-9.091089111189178951e-01
-5.827962968850264325e-02
8.168662589991848577e-01
-1.789425157678333766e-01
-6.538408438146161572e-01
-6.291998247229255714e-01
3.654726499768508052e-01
-5.745047808564035519e-01
-8.427287589538017265e-01
-6.762901816786403009e-01
7.916482279215952822e-01
-1.000000000000000000e+00
1.577314229951634617e-01
-8.254614687265766637e-01
5.707300176076068876e-01
4.232561046937725058e-01
-5.820888117352436275e-01
8.454976082869740672e-01
3.996433459896762130e-01
7.237156717424350072e-01
4.268401657287923534e-01
-4.168350995346403742e-02
8.542924265850768695e-01
-7.793104973469069385e-01
1.000000000000000000e+00
-6.791998728969439458e-01
-9.812431277035108534e-01
1.000000000000000000e+00
8.408511596054772941e-01
-5.780158940807853529e-01
-3.838416311071013443e-02
-2.573920426797620120e-01
-1.433369222790774056e-01
-2.554593662210514760e-01
4.191347181495820862e-01
-2.499047354873704385e-01
-1.000000000000000000e+00
2.230187272283078448e-01
-4.750250242123544853e-01
-2.908469200938388344e-01
1.000000000000000000e+00
4.223441804768994778e-01
-1.744664229674781630e-01
-8.715958545662205736e-01
-8.120012457304774944e-01
9.380227490011038283e-01
3.375281165529653293e-04
-5.975268553340941091e-01
-5.227128901294189056e-01
5.091911457502095173e-01
-1.000000000000000000e+00
-3.030144196796163980e-01
-1.000000000000000000e+00
1.142433655448488461e-01
-1.000000000000000000e+00
6.535990627848704826e-02
5.020638210325034656e-01
3.322373655864402364e-01
-1.000000000000000000e+00
2.643048912256303895e-01
-1.855170974049275279e-01
-2.548351039129098106e-01
-9.666389194313536048e-01
1.000000000000000000e+00
8.334134237209168683e-01
-8.177423573262776468e-01
6.315742062104138244e-01
-3.163627580527557104e-01
5.841886702093157524e-01
8.953272804956819986e-01
-1.540222336319681529e-01
-4.108391256773017974e-01
-7.215633987287017881e-01
3.831952848610418183e-01
-1.472774972483121836e-01
1.000000000000000000e+00
4.921965230868570740e-01
6.452265853973491172e-01
-4.326200212161258607e-01
-1.000000000000000000e+00
-6.338438108213517719e-01
9.100617623292880376e-01
3.710762809487881952e-01
7.461195268198014263e-01
-7.521977529136819607e-02
-5.540826296845949850e-01
-9.048525680145749206e-01
1.000000000000000000e+00
-1.000000000000000000e+00
-4.607028420456531215e-02
-1.000000000000000000e+00
-1.000000000000000000e+00
-1.022488832427690397e-01
7.749084955916238915e-01
1.856750952674957045e-02
4.593881492843158165e-01
-3.481566681039138800e-02
-1.000000000000000000e+00
-6.396608565573725924e-01
-1.932620036110376804e-01
-5.340813204086497512e-01
-3.540139723683662365e-01
1.000000000000000000e+00
4.399791457686929586e-01
1.390778873632164125e-01
1.881463501955791262e-01
2.909650164234816594e-01
-8.867209542739192818e-01
2.222743843966120125e-01
2.698845259524018658e-02
7.230858177814806220e-01
-6.134193981378741611e-01
-5.545926316298466219e-02
7.377822342864830407e-01
-1.000000000000000000e+00
-8.687300728367650660e-01
-1.000000000000000000e+00
6.020397339991194752e-01
-7.559179955299302200e-01
-8.059365075117023158e-01
-3.315893112314483027e-01
-5.625958208834489493e-01
-4.680124497038907760e-01
6.884181585259259162e-01
6.732846334656867882e-01
1.000000000000000000e+00
5.180209625134567508e-01
1.000000000000000000e+00
-1.000000000000000000e+00
-1.492676617709890463e-01
-3.289504975524952801e-01
-6.019269894076682004e-01
8.351868674083895439e-01
-5.898344761445922790e-02
-1.000000000000000000e+00
-2.486778334994366457e-01
-8.970354275411194234e-01
8.400667980381402167e-01
-1.000000000000000000e+00
6.070327226804994591e-01
9.730519803875987694e-01
-9.690435947101150305e-01
7.441950454432572082e-01
8.920510767916558503e-01
1.531918165938961351e-01
3.575548391785221547e-01
-2.173025955380230023e-01
-5.722574462472844736e-01
1.000000000000000000e+00
-7.658083552856738141e-01
-6.554358467601606453e-01
-2.179265960052566009e-01
1.000000000000000000e+00
-5.155726181940676334e-01
-7.625561121991536462e-01
4.086873349762869534e-01
-1.926427799531396923e-01
2.938286024914514849e-01
2.897982718608571595e-01
8.040471087576764875e-01
8.403621012814264102e-01
-9.714342620304585729e-01
-5.500612343957236305e-01
1.000000000000000000e+00
-6.003957832742874423e-01
4.927543251784067824e-01
-9.178871686471969937e-01
2.116131067717451630e-01
-1.000000000000000000e+00
5.892887724119544313e-01
3.151002357902524809e-01
-5.814594940444630655e-01
-3.809321633383603856e-01
-1.294270423793855707e-01
3.683759251298890369e-01
7.153088266119240757e-01
-5.476082414211056459e-01
-4.253823163471486257e-01
-3.670492671602751944e-01
1.480526912932753625e-01
-3.826964229794527217e-01
1.000000000000000000e+00
7.184980268561036443e-01
-1.000000000000000000e+00
9.332372114184489531e-01
8.947553647434420832e-01
7.613465617778960581e-01
-9.345220976850527883e-01
1.713210882394353707e-01
1.668763449517595976e-01
-4.499037524363447282e-02
1.303372705277303645e-01
-2.149217916588597455e-01
-8.975808424285436349e-01
6.128817280202706330e-01
-5.764634341785932481e-01
-2.951690514837815305e-01
-4.783716008202061332e-01
1.000000000000000000e+00
-4.482675271314726095e-01
5.171077088779572062e-01
1.000000000000000000e+00
1.000000000000000000e+00
-7.454773112607337993e-03
-2.553017418495397983e-01
1.000000000000000000e+00
1.867827871650044602e-01
-2.984812911728518259e-01
-7.515857411349078365e-01
7.735462988157794095e-01
5.413119589753918603e-01
-2.469642812092018302e-01
-1.127848585046095087e-01
1.000000000000000000e+00
5.481479008049078283e-01
-7.481852260827964729e-02
3.263765110814701997e-01
8.225903108047554202e-01
3.770949287084797708e-01
1.000000000000000000e+00
1.000000000000000000e+00
1.000000000000000000e+00
-8.724410152942654317e-01
-6.149170836558232045e-01
2.906945448080374139e-01
-3.793387551920205381e-01
7.233910931690256119e-01
5.269225870879994389e-01
-9.302877384485722656e-01
1.000000000000000000e+00
-1.000000000000000000e+00
7.961109599405803428e-01
-1.000000000000000000e+00
-1.000000000000000000e+00
6.061123082452986033e-01
9.713154408198293455e-02
1.215185806647820499e-01
7.182139838641250495e-01
-2.939657270422271207e-01
-9.172790292820096614e-01
-7.365802805747365123e-02
-5.269268291961184403e-01
-3.211493329376104433e-01
-4.715560594741141642e-02
6.663333018309798295e-01
2.322856267600619529e-01
-5.310758368042510780e-01
-5.440073100146074481e-01
-1.000000000000000000e+00
-2.167952839741651427e-01
1.000000000000000000e+00
-9.992127422108046941e-01
1.000000000000000000e+00
5.781781112442598847e-01
-1.713545661410154075e-01
7.720322144444473622e-01
-4.453417941112912670e-01
-6.589531128116753456e-01
1.000000000000000000e+00
1.000000000000000000e+00
-1.000000000000000000e+00
5.693053490415260764e-01
2.889453060980371468e-01
-3.328249377462351166e-01
1.000000000000000000e+00
4.672295312034230319e-02
1.000000000000000000e+00
-6.575119710008250351e-01
-5.414398354656475565e-01
-9.258853727684702717e-01
-3.411219316981105587e-01
6.732577567724273848e-02
-1.000000000000000000e+00
1.000000000000000000e+00
3.640657530559805455e-01
1.374083145856201948e-01
6.978864658013326228e-01
2.095963667568589983e-03
8.311960065042943713e-01
4.210581068610381728e-01
-6.087253041198175119e-01
-1.000000000000000000e+00
-8.497525746691492188e-01
1.000000000000000000e+00
1.583795736279545729e-01
6.588705466893600704e-01
5.595543632008717072e-01
8.750026638384822419e-01
6.998804838720216193e-01
-5.573663156264550000e-01
-6.218222680248755019e-01
2.153166726415312038e-01
9.324233203223863953e-02
-1.000000000000000000e+00
2.439287531531265374e-01
-1.000000000000000000e+00
1.000000000000000000e+00
-4.933611866423664449e-01
5.296123085017776511e-01
-5.200958299213078728e-01
-6.901698016934425528e-01
-8.530717782736294552e-01
-1.000000000000000000e+00
-1.000000000000000000e+00
1.000000000000000000e+00
1.879616551195044671e-01
-1.058604331730377268e-01
-1.950163473600098063e-01
5.776727790489067926e-01
3.601586668976625161e-01
-1.507360683488162822e-01
-1.000000000000000000e+00
-1.630145624014998074e-01
-9.221672782206318253e-01
9.432438713537818487e-01
1.000000000000000000e+00
-9.145196296570283767e-01
-1.369117437233776657e-01
1.991063958318923244e-01
4.472221109457573118e-01
-6.782611839824846944e-01
1.940559188708250726e-01
4.129383427933523421e-01
9.375392439463253735e-01
3.689864883400046924e-01
3.665310403471078726e-01
1.000000000000000000e+00
2.820814563805675856e-01
1.000000000000000000e+00
4.051239345345083454e-01
8.777293822561826886e-01
-1.000000000000000000e+00
3.728324371380642432e-02
5.544849399158236630e-02
6.449427011403218168e-01
-6.765813561590843239e-01
-8.597286213490296092e-01
1.073539920141770576e-01
6.715827130690081859e-01
-3.283250138181808553e-01
-3.321422165018731443e-01
-1.000000000000000000e+00
-6.989486195617125031e-01
4.065211902321288484e-01
1.000000000000000000e+00
5.409416235361393932e-01
-8.609849564679477041e-01
-1.000000000000000000e+00
9.633278305686399090e-02
3.750355226134596265e-01
4.198493213454154160e-01
1.000000000000000000e+00
-1.000000000000000000e+00
6.750050628700821065e-01
-6.343939914071450303e-02
-6.968296610425865900e-01
9.231384315436299559e-01
1.000000000000000000e+00
-6.958464163956574744e-01
-5.485642341416392398e-01
2.879654692477507938e-01
6.476914333471091023e-01
1.581223113170688865e-01
-1.867919531677928457e-01
-1.000000000000000000e+00
9.055853884978726231e-01
4.950502292674394678e-01
-4.538797904849306009e-01
-4.321103591859793425e-01
8.446743788086170657e-01
1.632554892748359632e-01
1.000000000000000000e+00
1.000000000000000000e+00
-4.987164497240460515e-01
-5.290674094129279581e-01
-2.468909526661295928e-01
-1.000000000000000000e+00
-6.127017715606243309e-01
-5.994268530082698110e-01
1.000000000000000000e+00
1.000000000000000000e+00
-7.962650200943248713e-01
1.421147335160886094e-01
