
1 89.426611 26.042593 37.041725
2 89.830675 47.623214 37.630676
3 90.499688 64.486423 31.660036
4 91.263942 72.75703 26.523592
5 91.263942 73.991134 25.787233
6 91.263942 77.401094 21.664271
7 91.263942 75.9961 24.953269
8 91.263942 80.310917 18.967642
9 91.263942 69.524513 35.599977
10 91.263942 79.117597 22.442876
11 91.263942 79.653589 21.301518
12 91.263942 83.227442 14.486018
13 91.263942 81.431304 17.10007
14 91.263942 69.574215 35.53801
15 91.263942 79.900025 21.260813
16 91.263942 81.584644 17.557497
17 91.263942 77.734821 20.765887
18 91.641578 75.833613 23.680851
19 91.641578 79.363982 20.397072
20 91.641578 78.448052 21.48353
21 91.641578 79.891671 18.098599
22 91.641578 81.427893 17.902096
23 91.641578 68.596868 36.547556
24 91.641578 78.86356 21.298814
25 91.641578 78.75263 21.998518
26 91.641578 81.599161 18.142955
27 91.641578 82.017986 18.437087
28 91.863229 81.504278 18.580042
29 91.863229 79.878157 20.306319