-5.351023700965361618e-01
2.327993527527292272e-01
-2.806011333860511936e-01
-4.391852249212722104e-01
-4.633652618912172394e-01
9.336460813222887678e-01
6.843138595635374077e-01
1.000000000000000000e+00
3.943072953006190318e-01
7.786089783185051738e-01
-8.084694792937947572e-01
2.844922684556300263e-01
-4.567181025988418797e-01
1.000000000000000000e+00
-4.375719130778104038e-01
-4.805471888674254788e-01
1.707042340756166343e-01
-1.000000000000000000e+00
-2.795055908894259478e-01
1.000000000000000000e+00
-6.606068153692785661e-01
5.292772095377440422e-01
5.662762074836219517e-02
1.709950693892803297e-01
-1.712016284614081840e-02
-7.409427160400784418e-01
-7.308191563849547601e-02
5.030901978114272755e-01
-9.437798875782223984e-01
7.490194178408281500e-01
-1.311900638921222328e-01
1.000000000000000000e+00
4.568463538377909305e-02
1.000000000000000000e+00
3.665645926374946351e-01
-1.000000000000000000e+00
-5.149332886562050238e-01
4.936549367810716404e-02
-8.158332916441992655e-01
-9.106774685665526281e-01
-1.000000000000000000e+00
-2.562518988733301084e-01
-7.901745806539046679e-01
-1.000000000000000000e+00
7.520455377116964657e-01
3.740317882598374055e-01
-1.000000000000000000e+00
1.000000000000000000e+00
1.000000000000000000e+00
-1.962075613224185666e-01
-1.000000000000000000e+00
4.883579400169915097e-01
1.000000000000000000e+00
7.384762939096429779e-01
1.000000000000000000e+00
8.894590089599367921e-01
-3.971437616284233529e-01
5.326351599610364973e-01
-9.953172203189971645e-01
-4.765906334961857449e-01
-8.802982390394187284e-01
-7.487534906617147046e-01
1.000000000000000000e+00
-8.882201477508924192e-01
-1.000000000000000000e+00
-6.399105641810376444e-01
1.751584634737139989e-01
-9.452207155333443023e-01
1.843196742725559112e-01
-8.767858850275256355e-01
-3.810771094475969845e-01
1.000000000000000000e+00
3.364482289964865203e-01
9.713650193956738788e-01
-3.895563947420468964e-01
-1.020078291356447675e-01
-9.343150761614604782e-02
-6.129284099799292562e-02
-5.385995963552924204e-01
-4.685086597626466620e-01
-3.687443888838822792e-01
1.000000000000000000e+00
-4.441600859549036939e-01
-1.000000000000000000e+00
6.126861919912329757e-01
1.000000000000000000e+00
-7.007350567472298009e-02
7.982980902224889874e-01
3.969059040456555110e-01
9.720271891240773732e-01
-1.000000000000000000e+00
1.011311283360907531e-01
-7.448677951874654868e-01
6.464846486294455463e-01
-4.062593920073127585e-01
1.492738670372378840e-01
-2.484376534629536004e-01
-7.898298277873108120e-01
6.396483099322017862e-01
-8.368949939896312973e-01
1.000000000000000000e+00
1.000000000000000000e+00
2.256842029144845441e-01
2.241288447582767962e-01
-1.000000000000000000e+00
-9.651968163969176784e-01
1.000000000000000000e+00
5.975768783135501083e-01
-4.691087375915326541e-01
1.710715134935310022e-01
-8.017927584477980707e-01
-1.547775875914937926e-01
-1.061653835464564377e-01
-1.000000000000000000e+00
-8.433980112317488453e-01
-3.207025492867902061e-01
-6.082085455939717500e-01
-1.000000000000000000e+00
-8.242070994904695524e-01
4.831882701982093131e-03
1.000000000000000000e+00
-9.049902197186284747e-01
-7.277976059147126531e-01
6.236252312001200337e-01
-7.836239343975031080e-01
1.378211698812210617e-01
-3.712729167323611801e-01
7.519119364990846099e-01
2.237280123222903927e-01
-9.356211343486566800e-01
-8.636138040361396317e-01
7.619076217785702987e-01
3.840972432044140183e-01
1.000000000000000000e+00
1.233252359625327532e-01
5.636927680834566967e-01
6.613043808514614819e-01
-1.000000000000000000e+00
-9.295069724349965812e-01
-8.651639072485748372e-01
4.830322626444988332e-01
-6.851651924380108838e-02
3.962117089423795591e-01
-7.228969064159085356e-01
-1.000000000000000000e+00
3.538525693851690690e-02
-9.554211045680871539e-02
5.205367506724950522e-02
7.293672682811613850e-01
-1.959701195598107515e-01
-1.000000000000000000e+00
1.000000000000000000e+00
1.000000000000000000e+00
-1.226737047462789221e-03
9.708601301065229450e-01
-3.200781900158671256e-01
1.000000000000000000e+00
-6.614797236891500898e-02
-6.407603237458933121e-01
1.000000000000000000e+00
9.860025104207659208e-01
9.654314601774566240e-01
-4.732050184829018624e-01
-7.156228600594027878e-01
1.533044648210879490e-01
8.205703183707168114e-01
1.000000000000000000e+00
-1.000000000000000000e+00
-1.811180684646857830e-01
3.333221206235933431e-01
3.777729440265837901e-01
1.734445922913956106e-01
4.336664315316914875e-01
5.432777419303314037e-01
1.000000000000000000e+00
-6.930611209206967160e-01
-5.306970481655746141e-01
1.000000000000000000e+00
-5.043276579757435263e-01
1.000000000000000000e+00
-3.357615541409435522e-01
1.365770318465469035e-01
1.024043430493647155e-01
5.224816829343468250e-01
-1.000000000000000000e+00
3.926481751620866101e-01
1.222329853280590406e-01
1.000000000000000000e+00
-2.126936920131612951e-01
8.122377570305046035e-01
-7.144864713503744635e-01
1.376688232578260340e-02
-2.494943274976521574e-02
1.267339156391436017e-01
-8.261448579330277209e-02
1.000000000000000000e+00
-5.008757363931460455e-02
1.000000000000000000e+00
2.679183534837219494e-01
9.005456269743603581e-01
7.562139611373954740e-01
1.000000000000000000e+00
-9.881802904650331676e-02
7.071411919527448298e-01
9.386662362492439460e-01
1.969996998180877923e-01
-1.000000000000000000e+00
5.779870642207788345e-01
8.187657595004862454e-01
-9.234024615819547144e-02
7.405913470193846715e-01
1.956864111212623936e-01
-1.000000000000000000e+00
-4.406839123330283936e-01
1.000000000000000000e+00
2.390567631573611296e-01
3.078427848365178354e-02
5.398573376804673973e-01
2.375852768425368300e-01
1.000000000000000000e+00
-1.000000000000000000e+00
-8.363980711165368565e-01
3.099716098396163577e-01
4.814564595881948988e-02
-1.000000000000000000e+00
-7.353553747626779824e-01
4.401087611083283058e-01
9.741227598197614856e-01
5.917338826723550493e-01
-9.549827979022589286e-01
6.812927593745523591e-01
-9.492937819896247742e-01
4.510420583349652457e-01
-2.576038579918994431e-01
-1.790691520920082436e-01
4.263321248488036730e-01
3.226270276141101068e-01
6.922440188768939073e-01
1.000000000000000000e+00
-7.295671026989987151e-01
-4.643123213522335480e-01
1.000000000000000000e+00
6.993254654664871062e-02
5.650738377637154475e-01
3.272301919189271047e-01
4.423067649333940476e-01
3.460837827990301818e-01
-5.479538108966069965e-01
8.561328758764423785e-01
7.316009689959749318e-01
7.089450901875740119e-01
2.908855873188236352e-01
1.000000000000000000e+00
1.000000000000000000e+00
1.561896643879359670e-03
1.000000000000000000e+00
8.136752426224849177e-01
1.000000000000000000e+00
-8.867277272299587398e-01
9.622184751871376562e-03
-1.000000000000000000e+00
-1.242641324277360265e-01
-5.847686074564472092e-01
4.558529853371001694e-01
-5.578733711524392902e-01
