
1 39.282972 9.093627 12.393882
2 39.282972 17.39232 10.06536
3 65.38678 23.952508 9.289548
4 74.157317 25.340857 11.217079
5 74.157317 28.32408 12.028123
6 74.157317 34.951652 12.924637
7 74.157317 38.320089 16.176159
8 74.157317 38.049383 17.305412
9 83.442502 42.173174 18.103585
10 86.405438 50.696839 16.905022
11 86.405438 51.757702 20.775104
12 88.314949 54.288498 21.602872
13 88.314949 58.055741 21.265624
14 88.314949 71.614014 10.558723
15 88.314949 77.061022 10.333136
16 88.314949 82.101141 3.121568
17 88.314949 82.736947 2.27075
18 88.314949 81.613418 9.522939
19 88.314949 83.205041 0.621906
20 88.314949 83.303715 0.600022
21 88.314949 82.014876 9.797368
22 88.314949 83.928871 5.654362
23 88.552447 85.939884 1.285705
24 88.552447 85.899206 4.976491
25 88.552447 86.918547 0.529148
26 88.552447 86.780257 3.956597
27 88.552447 87.776013 0.624869
28 88.552447 88.268588 0.201696
29 88.552447 88.3188 0.027699
30 88.552447 88.275838 0.428752
31 88.552447 88.3188 0.027699
32 88.552447 88.3188 0.027699
33 88.552447 87.909331 4.074651
34 88.552447 88.3188 0.027699
35 88.552447 88.275645 0.430674
36 88.552447 88.3188 0.027699
37 88.552447 88.3188 0.027699
38 88.552447 66.933374 37.855673
39 88.552447 88.3188 0.027699
40 89.20456 88.339508 0.099181
41 89.20456 88.389709 0.110739
42 89.20456 88.47248 0.087468
43 89.20456 88.510732 0.086404
44 89.20456 88.551164 0.074641
45 89.809391 88.724505 0.263624
46 89.809391 89.001301 0.254206
47 89.809391 89.266587 0.112217
48 89.809391 89.409875 0.15514
49 89.809391 89.612604 0.099284